1776
4420
7693
8572
185
9482
6662
58361
679316
1263
901222
6913
6316
2151
2593215
761683
57215
2421982
157298
5729159
27858
684939
6551255
986436
20591295
286931
516267
5869211
888828
175820
571293
2345627
33361992
463925
99275712
7712951
643984
5723333
2412428
9599958
775739
4567314
867898
39894
69919
3354
5416
4515
332653
75123
779142
517274
93741
80003
100004
40414
309007
46710
60592
5107572
91002
7594259
6480121
1020357
9044582
4041805
5673001
10285053
10005863
70746295
9068403
18050235
8007352
901843
3037422
4043
3465
100294
78231
701284
9017582
693740
3800120
4821052
2021478
9185205
5018294
102942
20496721
402921
200029
102319
40591011
40222221
110231
1010112
78942
85920001
7652
440182
