1776
4420
7693
8572
185
9482
6662
58361
679316
1263
901222
6913
6316
2151
2593215
761683
57215
2421982
157298
5729159
27858
684939
6551255
986436
20591295
286931
516267
5869211
888828
175820
571293
2345627
33361992
463925
99275712
7712951
643984
5723333
2412428
9599958
775739
4567314
867898
39894
69919
3354
5416
4515
332653
75123
779142
517274
93741
80003
100004
40414
309007
46710
60592
5107572
91002
7594259
6480121
1020357
9044582
4041805
5673001
10285053
10005863
70746295
9068403
18050235
8007352
901843
3037422
4043
3465
100294
78231
701284
9017582
693740
3800120
4821052
2021478
9185205
5018294
102942
20496721
402921
200029
102319
40591011
40222221
110231
1010112
78942
85920001
7652
440182
89909120
95929572
25564722
13125274
17639703
86206196
56829647
61353537
94355174
72903242
2968001
70677530
87205050
78753595
25352326
86870001
79596928
91933690
78962532
14961030
63810125
44910451
47467786
37088053
48427034
69867835
56889802
61512451
69058517
12736087
40190137
91070713
73715948
26772942
12712623
46179727
9180315
86250167
98274320
77249297
88674331
97744966
78237345
47739352
29644719
58313609
68748961
23540098
96053900
12842832
65098249
36188555
59889641
50585341
6411338
70561628
13113832
71116957
12274890
58604305
59237144
20774315
93513799
27543936
49932914
79420004
46496458
34280808
98004250
93230117
83800799
97774926
38439055
10041205
26510133
24025329
82928199
82149008
7231113
82781956
96165129
62899829
59737139
88407720
91448778
55845297
71457629
4610153
32956821
73014054
11820794
74374227
86745848
3209
37627643
51890734
90622379
83110486
39090329
22773581
81877107
44230876
81706833
75441764
28084056
93047423
62917102
83092800
28446527
10212815
12727069
26880870
49391942
93611544
5552150
57648809
61148648
83319322
94099797
87556495
62111658
39953805
15868848
64739749
78470578
81082921
26502633
82363395
90797108
97146566
5701296
85002405
31774284
38992250
16598449
93465842
92629462
31014748
79523410
4321344
6304401
52136230
13032858
24955849
93504345
75031797
51771346
41564457
12417083
28853695
43349900
91765418
81504442
87271112
11251729
36263301
58344593
72326455
93960569
30328655
63720714
75039557
64309317
75002705
98106247
93568459
74251681
97643444
66099102
39444640
91655373
93652627
88615497
88036375
78761634
49308511
96834683
39831575
69523396
19014094
45602674
91180067
64896830
60349405
28254754
35254329
23688607
66060393
5707492
35713048
29880375
8496033
61792588
18499281
11481226
78141341
51894369
36869084
41378396
17863065
17420245
96643958
27850645
27225582
54376470
64846758
94161749
62677983
49822023
38894399
8617365
54770089
60261951
31415979
56458541
70208548
73864585
6978510
93729481
51100691
1810635
38667292
96468581
80773203
72985683
57694927
19796659
60221389
67472732
46482949
96283217
62353704
50919559
54569169
51030831
66788591
86107235
37345171
51100671
91267670
45383985
60102782
51357941
44628718
90823128
67109688
36040990
54424099
12329899
29644398
10419661
46478038
35331638
16468417
53621549
91228366
40959976
40992371
67924112
10846466
26538207
30680808
33648631
84976672
83244287
32905997
34519267
70890535
79304818
96540189
79385042
20228904
40007563
5336271
65856019
6997569
90996059
95396009
26649041
76956041
660963
42722513
9993590
34532718
16136793
57685983
77980940
92659341
22022549
81415565
58286749
11450473
94281254
39241658
48621925
81210037
63999483
38760212
10132120
62486608
50822652
97114165
10757824
67784691
41079818
20590138
82285554
43840859
3336756
94322911
83815170
25142999
31142875
95114788
15729864
78190779
87701332
33576719
95973465
14988678
24114552
51117644
78419676
29360511
31325417
62086667
41000777
82420636
15541941
21400375
54774733
22399648
75064772
2377777
47533126
33861748
41574757
12241972
32296451
37627883
62025841
21103249
63639222
60724201
429683
15845953
34644502
24834459
42320630
67110724
2809655
48411863
45014195
32926119
71490197
55311514
50407585
19387180
31445803
62767457
3931226
62452009
36831947
37011504
26333859
48730100
39076057
99414043
39209026
59603914
96285631
779732
86209205
12958623
4433462
31658749
21299935
28085740
65364445
23300078
39578706
51745124
17658411
24451264
58747908
23329967
369604
30412433
14586016
4602861
91552679
3949945
13696292
66756524
38097247
25806839
31568108
41564009
73276869
31192152
35297867
35957523
46268504
24332652
48765030
42163199
17353525
68742961
34780524
22593934
28907148
47362296
64952716
56324175
96527343
25935856
6789428
92578948
69912019
50593138
89773539
84628240
90544203
84561295
89402411
51667018
8491532
7593145
9979713
6214213
33107613
499511
42043854
44119807
3209704
30901875
84489717
59486701
74481169
32242055
75537035
39155773
30013067
69075549
46589343
91370577
5183199
46843044
25260259
38767907
29819060
72015773
3301618
81365059
52367713
64629847
50262381
37695883
40783735
34281701
77792609
80206795
1568836
63942751
44756609
89381508
30921621
10214563
52917222
36186694
70607765
25307507
49998236
55692136
43002451
54125170
31182262
83865509
97773134
97435902
36220823
15301175
89613563
95765631
56470701
20915941
69847870
3551788
85990864
8745292
76075921
91879309
12584353
83253767
53257625
13008598
69696593
21698514
18721047
65352669
14621142
93141401
69718258
28764903
43218017
9648034
35463355
35106606
44344521
4605414
77066467
8772885
35599624
90501012
48520922
80769795
47573433
24728030
75870645
46112061
10274873
89692938
91025875
83766646
34034564
80064018
81582982
34837353
66770177
6645025
79506890
62207577
95947422
22947367
5300417
37168924
46243798
55791430
62889248
397287
49576288
16932890
19723124
68602950
86602860
60533475
39475152
55200100
14922468
95343242
54063149
7219370
52813725
24230999
73670244
58659085
32150095
16019563
63972941
35770573
99590149
35473981
1359138
73778875
48565419
68764209
28875922
39055969
23417054
10631952
86001047
81245980
94969168
19245951
1715260
2092607
9934907
86103360
42095322
74656096
45815105
11865013
64082768
38402150
95159746
16547065
78973924
8568027
66831887
31888387
77351824
3090497
98545316
65071875
98456011
39655165
7595094
71301051
12091380
77129259
13779857
49125683
76994640
84982484
63161847
73505694
50233789
4977504
18206521
48633079
53911501
3498
56639856
33143996
68511503
74535435
18251828
36398326
12076087
51357150
40207677
9430075
93252956
66006152
25820485
46179367
21914222
47637003
48659496
71935986
64043314
26246967
1390960
12298527
86108165
70636958
14045145
72991380
49568443
4674935
70557479
32655504
21184295
71290662
23169057
4386757
37908874
30394494
52427571
57958324
86653449
54077277
80291472
63416201
70031412
42303128
30454347
66058349
50918428
96775310
75039345
28633267
91303218
38061814
46285546
25842789
49544623
80575859
56034405
20628993
17119047
96542323
71674943
75449332
33405845
24201075
12885996
90821933
22591270
26157565
22264395
40445034
98060444
76882146
88126092
99098535
92949826
85709668
9011913
89866646
97012910
74740762
26653231
64846069
52928058
82883837
28174748
9233717
13268504
15000036
66111171
33934233
32610105
73936467
11007499
70101810
20902241
86366875
43773872
10653707
12196860
99832509
60813496
77098136
28570650
28630337
42758514
56283211
95843442
74427784
46261691
87543626
8612966
82725142
69821252
82570133
75624407
15773595
869080
46593019
90911031
90289559
55473680
43714323
11743827
57690142
52723219
17547745
19015356
9792327
80015611
6574400
93469864
93730112
47356367
60391965
28636387
86341098
48146637
99726145
48950026
19363490
70545880
52878834
28753821
54995344
23875383
59132300
18463246
31208418
82123830
49770563
1832367
31050384
57438777
84114848
19184236
98856703
98695789
5140085
3130499
70657838
1162917
25757492
80080096
43852232
48266193
90717300
14972887
39897411
22505962
67654750
38998969
89287533
43210532
50501642
34217113
13622962
30776128
35480111
58669300
18633778
12004483
33230213
18017085
9307028
1409966
80225647
71477854
83451528
57259457
79784960
58754140
77903273
88045883
59817163
76726069
91936418
25634536
54580170
34774951
86265679
12940146
48400438
53366635
87698159
70906025
67330499
22497152
35361469
91485924
50556791
45411781
19147177
39463307
11612029
60437650
82842587
83465940
34866739
62959648
24768627
70121561
36173045
71866319
45410820
95546067
13799586
8162332
71644250
85198090
15818154
42759180
87738108
422034
9370264
38004427
91967053
1001516
62056708
84444297
35599636
40801191
57368220
90356776
50999890
75947975
23289966
33188511
94165983
39866598
3230266
78056104
72391125
47022418
98390493
57731712
47044102
77949121
72930887
63557735
82317444
63999895
65018700
31097917
11142896
55069744
35760635
94651862
99200634
60084995
35903093
34989809
19522969
30919931
69522441
42513642
49595819
88172968
22891225
97616958
5357168
78476865
28176229
83896209
27449825
30045787
66982259
49462998
51832919
76864911
82992395
68439238
30473316
19553227
59723515
73199703
89012910
12535338
11139513
8311746
91860807
64664359
29892239
26861383
62923528
43131688
68345527
41697884
84309991
63795000
60227809
64086430
66427725
71375359
91145953
33145099
83083760
77819881
41457436
53258736
57937424
39166887
45448487
3951371
29933690
74500313
86229340
65571122
45543318
99832308
61114236
99362982
84445826
96774116
7475233
65360846
43358915
96695248
84764840
10256882
61309988
72963444
73635221
58466157
53028496
7784844
26642892
60882226
89152800
95197967
21235839
74893233
23198817
6065270
7675241
17517047
36619021
71879832
70467755
14169456
86124722
70941947
8961760
12972781
34788133
11944713
3634587
18521187
6966251
94910648
83631445
63088738
147837
23263033
41745959
36892399
34767809
77296406
78590873
13545830
76778767
64898403
29159185
35184495
97531855
98873698
42853276
47353667
25110013
32452308
78871651
4272029
55468028
60350651
13571170
33597382
458536
59881970
61040490
93331906
86060968
74331965
78329235
86081344
38428813
9535568
9942123
54027894
46668368
10266952
48987103
41616103
16018643
19520223
96568061
82662558
84822038
93283166
14031143
39084219
51165096
24541018
95361540
51457369
15511507
80014709
26648565
20679256
60416211
6453524
93738477
55531713
28804216
75811628
51805314
52971738
59353707
84535361
82050407
34499935
86889521
87246793
91871084
70740151
28829793
83501964
88760225
70445474
84263198
6251022
19215646
76663085
80173072
58790372
81446501
28458685
6217757
33898480
59133655
9779845
85195543
90738250
30063043
24101537
2864080
30981283
68619444
95678603
25802838
61767361
68540011
80825083
69641379
57707111
39632855
31074624
40970735
90190912
6889558
18632749
87588640
87983167
71808522
88393119
21665829
72349822
40412824
31172097
38469516
60817376
90874223
62798128
65973337
75924232
43105368
27056821
47171127
74230879
55877088
65214894
74633739
26504290
57052808
31812515
13204884
49234995
97540037
47521459
24432099
67610515
52630820
16692098
28651492
83727531
89390877
37799807
25472200
68230968
20917417
83746626
22433147
3240328
91815889
71797588
13697875
60325717
5456539
76028733
50220457
69648912
76146145
49915231
94872541
18391039
43950868
60285797
72988063
66443562
73685471
63294540
32995055
92937415
41230131
73810180
60316718
91366055
6443591
2364789
35734612
35058264
29307346
78203172
14425254
89834663
48342328
38088599
44277786
98033212
68035035
13164210
92016766
59223446
49100404
29933953
17600365
95464989
15846394
88010611
43384679
75610144
2013876
18547477
4344967
3238532
15907353
21577926
69295946
91674773
61547363
55926966
48043779
29486634
93633693
84036460
57548874
96725038
62505334
65217090
71400582
59542536
60982681
20850147
74524326
63289888
31091100
52008962
37221796
53062299
58645809
42112059
60091139
48995112
43102024
60472551
15196324
83603599
10088977
95303854
1316487
86731272
63642216
17465924
56125493
42224042
98261993
51979736
77773286
47072425
25208224
88893007
95569283
38619628
48799927
90180206
2250782
67735468
77191552
82544291
90029629
20292728
31455523
72100032
87000271
99226241
96901659
27276668
51701520
18766058
28409505
77046265
18418855
42076263
69854827
9773246
35537815
91637942
55892468
65599672
53506035
42424852
11103093
93934598
81652518
36711810
37125414
30027063
29404353
63140015
46274262
10509021
29938641
23855923
86618698
70732369
54111276
58702265
22107224
13801072
54065660
86877514
96942933
12622330
9322147
29905655
72801367
61390078
56230664
44199164
3776401
26296234
60965870
6529261
66475724
69150863
74981416
50351701
16436795
98908014
33455874
84283390
15272402
52256088
21971785
34854169
48259582
80102514
27210337
27198598
71440672
53762819
50851264
73888345
46183023
42966145
19346709
83200534
46144270
23095749
90975226
64065582
27451946
51786440
90439567
63217435
81221458
19830124
13718749
78335711
85992177
50897675
32132772
94392124
85821024
13788241
15895871
93432513
38719036
30133365
54212155
56515353
60600318
98744403
3209705
95301099
30810742
72632576
28148498
53483362
79493536
35824854
35942550
20802765
52684091
87223759
71370633
52847946
35957442
16251665
89356172
56426155
38665652
71622807
99238473
57986600
47219096
43833715
899403
59645183
83717695
39765306
17491653
31750085
19762690
1457553
28188569
57371456
5464513
42525823
32884864
27387364
44266518
54255189
23476912
66143235
71395121
60310034
68049841
81002255
94268444
38685236
27056076
22211083
21765299
51836910
27806917
10323273
98868499
68344095
70358141
73248320
87195386
54244458
81429614
40302265
59764461
56330665
16814116
78146859
66319157
76182896
49775547
25747256
25688480
66300914
20227388
38136304
70667109
48030037
92205570
46207587
33955319
28982225
83000233
92592647
12082106
55694172
99554744
85675453
47728174
23109565
13279338
32489320
93407735
26132077
30465537
15427554
51433978
78283736
37140385
5302623
21334498
94126398
56277688
26308545
9656791
23002009
16752383
7746776
92588856
67450360
56030220
3178309
28693592
15598961
8952661
67996716
2373886
78382107
57693659
9348867
99784705
96618474
78940301
5323815
95967832
58621156
93970325
22063601
56015519
49109792
79503364
85975574
64996261
70717028
11453105
29981263
6038547
23870866
49969566
59479924
29580931
51404408
16605721
47108764
49036951
55169513
72695664
8328944
69142297
30507271
32944353
11551527
55017834
72258941
72753682
83644812
89817182
41450681
62534086
50891767
39786004
55179935
70656790
1050268
58379075
7651131
87906732
18079901
68508539
72020488
13322637
72095051
1496307
19821043
13062428
20175626
99215759
61742730
30376339
52546871
55193640
26387669
25476349
7489417
18251914
32412110
44958647
14669151
34592658
55608318
11926694
26986294
13542245
57627389
17021518
41177139
87105623
83217252
23445068
30938498
82944337
43089423
67625565
60445254
5624876
11502788
12339210
11728617
44302351
24437447
32487177
97897831
61831251
26752557
91800257
42216964
76926690
36311665
80250208
40879286
64535077
15614469
77264478
50358032
57032884
5038728
92818393
74992373
83709753
90764603
27082561
26217850
22610811
19106383
39205998
52176076
93206997
57714674
78556689
39757583
80396218
51165219
35093426
11096292
49383021
6472193
43756680
42808999
47985252
74353169
72726589
30944111
69988149
55921093
34324048
17216117
43396961
62301391
73494953
22937449
5928172
10214908
30538413
42049354
44598903
7550162
15396274
37968052
91428991
96266938
90936460
90594670
30091858
16499346
93347247
39269798
71116805
97510417
65455728
36893342
34027953
15640423
75900396
70904022
62900669
842975
61164414
47163782
38458559
14453032
74372584
16059918
20802016
15476425
32688610
53552056
35953480
41668814
89094361
32810417
67556070
3515863
74453997
33520430
45943507
85593786
68639299
64065121
45927769
46852271
12664189
79413433
98486751
4772052
42648605
87950348
53261048
99801655
2774883
61205150
73847283
39857299
38905693
43640864
72661376
6226673
12417179
61549909
18347671
41620190
24359222
97184253
96937427
92238147
83067154
86376261
23211351
37863803
79695864
78361588
90837768
10438090
29340393
41985650
84906558
7420012
30828075
97151436
52328438
39711784
76686961
77039473
94607910
21870166
33448602
72125294
34493738
7829127
55030612
45592414
32126888
60588715
77860112
59088378
72947683
85978984
83101289
51067502
96971932
71232267
5442318
41678509
60182435
78923065
77941069
58216902
62100357
45985597
56715792
12510435
94832362
34539739
4567
93009235
1658837
21607114
83095635
35700209
28724914
5989177
47519417
70869607
64177681
6849410
34427342
33538426
45262184
89778436
29210567
33146427
47498580
2495697
33373691
6704330
45354180
24688560
79567899
89570484
9832946
43489164
79051287
14007084
46220920
33780993
21443714
3658314
62734348
3191395
28880977
50963987
93389832
76267504
68280956
92554046
43667860
7373010
15900466
30926930
77381977
81610794
36946095
81353185
93912891
47991597
99252081
29874841
93559029
52696914
15859816
37090592
10676407
54135974
37145199
99829474
53500540
17602370
72521904
46916876
61972779
42159775
52614960
69385453
50558939
92902348
7860923
34365636
10650373
2306843
44518667
37731483
3956319
40921700
39687710
81297573
48482965
42331010
41987642
83438429
74723495
31794683
62944841
78831835
24642132
80599067
10840130
79893556
42847727
16616790
45228516
88744955
7943013
81794644
84224153
74434815
20853292
94730757
18186554
55288726
82671181
15821539
21523499
24768868
15765259
32910543
32009588
54801884
65423230
85182566
59234347
71838575
58457210
89759220
58171944
36386056
66271156
45273563
38805685
24619767
69530102
70951683
17830730
34622551
69235151
56209375
29352760
70756422
10666082
57579088
52903273
4768128
5568679
5933468
84759615
92273370
74443526
22848257
11155848
27488573
28503915
88951003
69467617
97349487
93915061
73638117
7137057
22970776
84335706
8876911
31096591
84070677
93157971
41564798
64051966
12358853
7582461
72950247
24424157
56850204
5183378
5883486
17376666
75045421
79613677
32813796
22754197
75537012
74700272
52721617
98080453
65212699
38539381
54019817
61857627
45595348
16355286
97921952
51604019
21712956
31298745
29488832
30455394
35495294
95128532
76128226
28071128
69014691
71359078
54864549
61130462
40642331
21547235
15713803
82113235
7421389
55553596
44011625
92407542
79119327
47837614
7405028
22187787
85700876
73745580
83813899
31494681
91074988
55563659
9570242
58695109
36840316
35683629
4693702
10877617
23940547
21753960
65463833
15837915
97245287
12768570
19427209
81530956
59172330
9529216
8468040
30439491
18013402
18345509
59098953
96094988
14018007
92886537
98991187
87660059
67948122
67908904
60824179
5487581
53410346
1851598
63072947
27632756
38138767
22507210
74185193
80644558
54760347
91570825
28652939
24859008
39887778
42363381
43215445
50580492
3389856
49488669
89659430
51794524
86765276
92233571
42959843
2769638
73228026
92494008
35854922
53982283
34503453
34727862
90604174
87202185
78043963
31193624
72921996
68366531
20988903
44489843
85149543
29286632
8252311
93707806
68782861
64574401
71977410
13827113
32585167
91294409
46434135
44844350
91779051
58776770
28706848
3964285
11474463
4306219
96726380
50156363
85502028
72643493
19516600
49662284
4681509
56975376
899878
86798502
54435526
56362812
87912639
15928867
20622272
11789998
72975554
64552721
76704542
60106499
91970309
59483807
59532303
43390575
12226753
26281978
58240361
64204543
14166982
79314029
73658012
53111080
39961054
51600213
88740968
75779949
21559765
11619940
51424809
67597057
57543669
8750520
30623046
89839072
33519825
30899326
7115390
57459999
86891763
50313656
80974228
2005117
6812445
81110614
68515441
40809402
7638876
56665257
22282428
29215046
82175252
21288616
96066596
63520725
75583840
74699117
18717279
42989963
55749719
63641739
11030965
81049339
42785335
47635495
55347935
66802394
96191111
36342251
29031120
28752851
25991777
54044762
56688748
27494095
5053629
57588654
78953558
41076643
81143415
82891024
38414503
66134822
94673704
30667750
89731194
35426191
11774948
87108142
16297394
41169786
34959796
15177636
74207309
22600863
57018277
90173148
10118387
43946067
4255114
21674268
80891035
18478859
50125544
17637264
57462636
56504443
79604506
21146598
36085870
9911804
9128954
46503693
94605525
24314622
4996270
52256774
33511116
38737269
77142656
66608862
35802865
50713012
92030280
43037154
47653828
67678574
69188902
62730071
18527241
92563563
32632049
22745957
88326217
2719057
54408968
71508936
49967028
27608428
91441893
68638554
60585485
61567537
70301174
74933620
16163286
48712952
36664698
95443870
52781238
76704984
26113377
34516238
12147352
78873429
95341640
79943316
31634626
23879993
92969787
12389487
72741691
29885525
53762455
54840731
31413397
21394616
87855650
13365506
94035544
70254705
63447441
17896422
65851855
36623542
98643275
93320791
36475874
27422671
77385694
48371978
57705161
69426618
14192401
70832717
67816720
93011440
46517156
60431777
99316337
5247070
58258151
82005664
59130665
24834219
87958900
7384353
8176889
26110981
56990860
98004915
1827730
68418276
35294921
48837532
71213757
50311583
49558935
55126456
79852496
33876779
81838545
92908262
67153615
86048142
80156244
51292113
15329698
72207632
12247428
78258048
9764323
16276464
94342024
47438755
32474075
3139647
41214950
59135192
61085946
9367537
85481471
36633098
62575197
30678956
16037524
80543912
55052569
68775408
28505962
16006608
78413770
289877
62634259
96232570
69674047
97490848
24477827
49237254
28731312
87012860
29604037
48423814
51536062
51700770
65618820
17953705
89245188
91919091
89589438
94150636
70327911
80447730
81096682
22817087
15960455
6248448
98918179
84074477
62775306
39490685
48470300
77489126
92685278
21991050
8633367
34155718
6149003
58085684
21071256
31285958
83162519
8469271
88891700
35222155
18162566
69549061
49180898
44672719
3893411
39622475
62617523
91961517
24515503
79603695
13786065
1941682
3228729
36111138
54606594
29391360
63027994
74452243
23695746
65352837
26931828
82126739
78918625
83140334
95542037
59509215
92303221
73655341
80238082
47483885
20332237
85943227
19932789
18003998
86817927
76982016
85442748
31487777
80217343
80708738
74535770
36204649
48699668
6755764
94737366
69481249
97218273
13145137
8978201
35295991
13943566
19558201
28314869
47768451
77987360
78733267
24183269
22530899
73466457
14205889
82185505
82571689
93087731
38748084
7639999
43063829
88352054
25561560
1055607
60659140
66779308
72000352
21505000
69688265
31538841
72572413
94849713
53274127
94049754
24176111
83254310
66306895
41418842
76115516
16799974
65251135
47508703
49473423
50612724
80000632
13141258
16434098
90187083
34573733
7301717
25660774
1287565
75667900
32616294
67831532
50833970
78680601
57240741
4079751
37433025
53804680
30349177
95131286
29115257
73650189
56477414
83083829
20468847
73959795
38740723
90228340
52817524
4318853
49937768
11049843
47343318
64784090
84464047
92495921
14156583
79044278
71551129
73963103
71374519
36535419
63442989
24959410
59109353
1079390
89407310
9092555
29377647
66092137
3036026
70268797
25782533
54195554
19703850
94563968
54519957
49843683
64175151
69771503
68182203
99109930
37680956
33117277
55786276
38524435
753
33036615
59520868
45903333
1527845
52915965
72711996
59001152
76085440
48559886
77186917
88551676
9081079
57262278
40914548
61833761
77203322
36838051
86964190
33126238
65094755
20209800
19695395
91108542
12829850
96304171
45694767
67674914
90317766
45267077
24323369
91842981
67366113
64113124
67542735
35419443
59012851
61614605
97760252
4871568
23299123
93754315
82112377
97618060
22634361
50234182
91738199
91053946
22044058
91608893
25303277
28476203
35145392
33595758
33222950
41754954
97427341
13543172
2171738
55912606
7280194
11190273
65076115
15189544
95384208
17670463
62394396
11992825
1802478
5954846
75672094
22587373
56574112
81025874
38797541
34429153
84136301
65194490
14074346
39514894
61927781
93358900
92567164
2096534
2759298
50776037
92373443
94371876
35893574
11601947
66589226
45237817
81624098
15387812
13200033
40709188
85185605
50463141
6780446
69310006
48780698
36443391
74530235
58951943
37771829
75832467
76592633
8115651
9016589
17745276
4923164
77256038
72891583
7080759
50219213
84654512
81916599
42349433
91242042
77845980
23336392
86079917
58114779
61707308
32418980
45707037
90635881
80487730
30269747
59615453
50925471
20123132
44882357
41426411
27461054
24851317
66142484
74339086
38853166
65949610
9766667
12940237
66705910
47626934
95904221
16912359
39110762
8537719
37290805
31165017
49256033
44736076
37089033
93114414
45613202
20026040
14254289
1810384
727269
63433053
25153700
15203744
63255607
43775994
81486426
98988980
91793337
32363814
98221725
31200665
22013148
92325745
14411379
56332711
37217022
26674744
862514
2325137
56275062
56597046
21916453
74145979
85060323
34711581
66198948
36179195
11888938
29522084
29531820
1727735
33804359
68397565
71571426
25569785
96582255
66013707
27341544
62850550
81998843
27572880
3705589
22179294
8132096
9930250
13536100
59073585
36813713
9843930
81563725
37917204
14285611
60765795
76838831
96545615
90635216
79636977
29852319
30849818
73114650
24426846
1290615
68699739
63535850
49645317
4441290
47667014
95541624
41547289
77411181
90564089
72916820
90466368
64855172
56415681
34850142
50059634
2340306
16015411
55163547
57815574
819072
72784967
7541600
57560679
35604834
61504345
90232594
7071057
34892473
91152561
94880792
22426908
5145676
52005731
64970880
81263050
35754452
21543451
77524901
89174849
95378119
29745797
49595840
38122178
36195354
75767745
79657365
83129956
19146903
24578189
99787646
74217399
53844355
2145263
88739934
74473415
81485617
2103323
62057728
32451755
90788139
12510914
88054670
61369030
23629286
35781887
71914906
51739826
51137767
44781757
11242101
31069109
34266769
1694773
40079082
9572151
93733770
14878694
71488764
61785872
59543259
51368609
42978229
80733722
16246449
81077070
640310
46559161
87752140
10427649
76067601
17843300
75729400
17467303
35403116
94506937
91936516
28446839
22505499
46014468
28022431
75799463
15383501
88524676
17170192
5964956
66642618
5652370
90600650
89477683
21909145
1086870
71167012
57516932
13266443
55476069
38414312
68415113
33139211
31521751
27503673
29477081
76043688
99873787
21682903
64509835
36773453
31068614
17422582
40399309
5535541
62621548
75699358
25285074
63917940
44511898
82462075
79899797
61212111
57680513
61557507
39216447
85636214
26963575
37522059
64995975
28562501
47905760
16278799
99343490
51643411
13749775
92713785
14158236
93240567
45133822
90695163
33901632
92076262
42386827
75588440
58928486
41495433
80961698
35997648
64692449
63270551
60899417
69643648
39483210
79170204
96186534
45279034
90054457
86551305
24140591
22421689
46153328
48438242
80464326
47511078
90369993
19155922
23840665
44718901
30400155
10377442
37197076
86577944
57916153
99777424
75786094
80928038
22990941
30155451
52393787
37277942
36479150
64049027
32294515
9267898
30971811
24546187
44735467
37543096
79290184
85197364
13675615
49534919
38362025
53493528
94090164
6783780
26257676
11330542
48529832
71485303
8733351
7552529
86969399
15146575
63177282
44575224
12855469
80373594
55041377
42365636
52734195
18895269
39672756
32546530
68176986
21331375
5265267
81444128
2557165
92362376
93871136
89217813
94235946
16108359
28905082
52046444
67777100
2386573
74283807
95645208
89751403
25948459
65736676
79887992
4123380
8849167
7863543
59125788
60061105
76578019
61450642
42695619
99175746
72237412
94204061
89503757
82626392
44588518
33329117
60580366
52653684
99639241
8443137
65641222
51176883
8628530
94790542
46146999
64633931
63596885
78211628
13439293
14359604
779896
72108798
96965210
13326750
33038437
73696532
33446985
33001986
30668101
86124374
59342932
37577866
78798863
70572726
5630836
95490714
6716839
54056010
86782302
24705042
69786211
36087863
92344170
13643727
99982232
46161210
90413571
86408524
42300962
12599428
91988057
92270448
57262382
97697744
90591862
56775418
82413848
73351872
58322963
87548683
77660681
26431442
12185663
40308886
26385587
88834527
97586760
81188282
66444180
90450105
57438854
96294821
54482112
29949295
69094703
79667231
73575522
3036764
566048
56743300
9565416
48507609
80778223
14456986
477886
50077154
57925852
80009792
11814110
99191333
70598622
78914827
46045223
75639844
67616365
56963451
19086038
3643073
30617972
23600441
44158142
87497967
22191859
45526640
43422494
77174149
57802842
11961550
8273156
83376274
50666095
15866906
52356406
95886830
48057553
48826052
32544326
33785144
71415710
80406862
37245440
44654548
76729671
70116065
55850713
78382171
97554473
81075335
58992244
48972534
957960
17816476
57637333
22052329
97966112
97756772
31578591
14881301
37125850
69111664
61281291
40355931
54507269
8255120
754071
44415653
64869122
9499311
20165166
8646766
31266583
22539025
93645477
56539335
81675766
52951925
94947190
27577088
7206070
39889847
33943478
87884695
29166206
57544321
20584504
71483924
36128098
78262454
25880480
9283595
50238818
5225822
17635442
91439639
5184025
45082860
59203640
62484366
80928977
80119099
66401386
45841610
5866753
58675517
73885584
75683378
88921980
16701674
20041362
89197756
6761544
28136959
56670940
67601606
20206268
10071967
71783289
29997478
5861557
29454706
83064049
58611357
47908445
79853733
36858070
68054418
34727109
15451477
30545715
54322349
55529831
40134974
63843488
94898753
58522601
34798214
46267454
40902947
90856319
20726578
15091342
81823394
94996499
36091795
97734697
32453636
26065322
9754984
94341068
17408366
75370229
33296797
55830274
2288591
47407714
89466742
9072265
12049227
74153810
43580465
69094852
68373117
99998830
64873368
81341613
13232096
36978305
18155241
12804985
83865947
68666203
22950483
30742713
60255528
85440110
71171497
57227417
92911235
50269800
96347635
17939249
29322125
54207049
30772594
84766316
47065689
46277699
5059392
26653144
35157963
47495700
92382614
76252064
61012380
61262162
49578553
52494068
73673671
30807705
72048369
61924362
65009709
97687810
4687604
2115693
59617282
11877287
52628609
15938421
16244613
9748274
79662868
50995291
93511853
12948173
69444205
49743364
94439199
96793486
29461706
26305588
52525617
88110089
47889624
29401928
80187070
61007193
85201209
48312309
32053523
51167190
46672615
90589704
54722295
47419244
33833801
58900302
19275608
29041312
54719691
80997025
37478583
99015882
49304007
48859855
16124508
89856336
36663936
92895852
63078310
7981769
97020171
32498901
73823474
61535748
70982396
5853240
47177695
94112062
61791230
61919486
27944204
57395642
91309776
17554451
50773772
24541576
46395655
1246276
47386702
87764591
41460525
91107998
18020518
11450296
3810771
16088496
11595449
14221299
52529240
95419879
48538090
32355144
84401177
37880320
21690991
69727099
61415234
38368294
81025438
23034929
65819119
39378796
41403752
94690741
39675705
20028069
60383756
3814784
19590150
46600777
98520482
52645560
2608164
53710599
61387677
35173635
4696191
44268153
4313677
51171090
38870082
66942802
83672937
47938418
8935353
64470865
74530400
52151291
10210033
1553365
82610376
44948954
94419057
45208957
53886254
58794104
32745621
33140756
52866782
34013128
8920799
96145942
72675416
11587027
10883601
43801647
51421771
44967418
64974532
57151818
35164095
42886787
14032898
62756742
86064163
78861530
82107858
47267958
6799449
76737327
53994385
57792502
50925079
19100027
37871156
75040968
45174156
2821921
37066199
11326346
35749224
61084656
31245786
21559227
11166333
43239493
97964812
99714935
78606459
92888472
63449842
1300246
12380269
59889686
41008945
62870557
84042270
81883152
64346287
77583185
27726858
71641868
41138905
2823351
27919519
40498686
55326723
1132824
68956371
81964769
69443821
38103777
8405007
79187103
51301803
96473758
79832775
35257894
39323835
45369301
4897678
80404021
71823686
67689964
90996909
50676874
15792725
66563225
27369630
2890078
7320827
30052916
55502963
90485863
18350509
64326901
24503300
97872793
69000518
5784315
6491688
30184452
62886539
40907745
74565339
23428928
38343597
33047301
96349727
10304594
77638250
82653728
39835254
88598882
9164677
16961495
78288920
10303815
85775558
14961087
81731813
97566884
10736708
72955340
63623929
62805041
51859435
15829458
7445202
46836574
83435573
83949761
88207505
74981691
49310739
2852460
43070051
66595520
73033156
50311818
61758308
74655620
99038691
98069648
44180265
86159126
71259187
20025681
9357955
17782118
26814977
84765361
63923037
42084040
83858350
29376702
78326810
85318896
33788869
20253113
36217350
64794873
51990028
7154040
23486120
1560352
77046
21012433
64095837
77614730
7661175
62081788
20806486
43824331
77623719
4855809
53593437
95350500
40159666
25809257
88824122
47542060
48485995
59832005
94390866
50329207
77140688
7459674
23535058
9610575
63973335
34294893
14613390
95863497
20131395
787002
31367248
71897
4682546
65503186
36078169
55309585
92659068
97647874
1579698
88405023
24098136
25679864
31652856
76920184
10304752
50527551
41948896
68553798
6260086
11225010
33917613
69560876
42413729
67766396
75365754
58409642
78176434
1709779
83501036
16229854
81492817
80884602
61061963
46010944
77582021
24854056
72959629
77876018
64494459
72405792
43544446
28827321
74071708
72927987
28324435
11636492
42996999
30395116
77659312
99614571
41245085
92710124
25621972
64789008
24718297
79073534
82640124
89413654
65986388
35269937
24366999
15468168
220726
9517453
4089243
10203361
77638931
93575538
25670382
90871878
22270121
14811852
27388946
23659989
54728835
50747159
82098935
73779758
71728650
31263752
76474535
8846675
47714503
36932992
95995203
99944452
71707059
87652202
22253215
73161661
1334820
87120650
95528193
70550525
95474525
78454617
45484409
57664217
98468354
17755474
33811256
56219591
95035290
52970821
68336730
30750793
81789325
19933529
40027896
66039590
20046203
19246025
79532212
38837295
10545002
51134039
9397992
87884836
15488352
94106461
60449461
16376489
88754871
17434539
66293432
26863635
48010979
88700175
72603687
77235090
30812349
41702379
13915199
94293006
60852971
16703646
18973882
95116773
67535989
49913989
10392896
74063478
57879752
50343247
32748019
30134814
4227884
95342995
82842767
59916100
4420516
75988303
73007831
67155680
88774444
15580792
54180913
41523617
91215219
1688523
19924587
17715823
59329576
67634226
74172646
46846530
77248042
17119533
61521109
21358728
63949904
18969040
90773523
97621337
38486991
78725178
59251981
76732453
33380275
77327746
7270343
4111199
56676087
31064916
30216737
8244769
97033070
53861019
53180054
94270455
9983453
85962224
70549393
66208509
19587221
22147415
9911653
55098737
43763868
51756202
70023360
75934566
17629181
96761712
11035267
55942892
73459870
16656031
30782986
38162438
81826151
62583931
61148333
87082977
99417229
65645119
92522425
71770922
54399060
36974622
14541650
90737101
24716444
45556972
58947279
97651432
13515991
39798744
93333793
65331186
34832795
61691301
58623911
67762325
19443430
95245270
79216293
7326345
74770900
52093910
69812516
20055184
85938767
76832872
11083181
52346560
80189293
88192111
30962590
16205749
20886091
45794734
83998114
80871754
8886863
93651122
33633802
5186172
65694765
26287897
86717698
47907690
20439853
91935336
65274730
84075240
24355742
45660989
19836983
76360344
73896103
57489291
10461825
6746208
76877135
95421321
87736154
12819334
70638986
84286843
16745217
50855772
74721463
17787620
78151226
38609487
51902875
5691694
77393270
31083104
65615900
88726634
91831475
89876551
86495132
25244114
6316772
63303088
80192091
27979908
41495281
25667842
58211371
42408766
54686058
78811631
30572068
28289450
95845549
70087384
39442302
33013140
66039146
61377263
22146505
63227679
696318
65451445
94494873
18466948
5785929
28892614
38472375
31802587
85308881
2802367
2341469
15715552
88608295
66677802
76154908
99738613
59741336
55952289
46952688
10731329
37000
38219184
39932761
77182208
68846679
7776314
40193864
80174329
2950996
99622529
85559128
98493401
25116414
23330351
6217160
7836019
34685639
66715635
2750005
86804563
26975048
73019851
95532300
12295296
46048426
96453032
1817856
41341660
30383040
28622517
57032814
15106784
66512727
55841982
70793685
77225547
17444723
24268796
32884791
2422784
79468182
68177767
24569812
15500748
80564873
74751794
77128129
83666643
95475755
85872492
72047098
14358629
9265189
43425643
65215294
77441780
72447662
45437499
29228177
91043889
18070504
3453733
64075944
35790216
51265556
17364976
39854289
33088559
43556107
35695552
35576638
97445345
38767359
50971260
67508038
89225302
25356983
62957882
89900132
898118
84021109
93314053
4725489
91060339
91218754
57872001
22895136
42267014
95818031
64503893
50071854
95364788
72813876
98199849
37105627
72413747
64987647
80632360
84170198
10762205
8125390
52350749
40350566
99672714
42299679
4224628
32957129
28361976
32780671
47743341
44226016
5039661
95296053
79915578
86105890
77191393
17794047
56281993
30330846
33899333
33094113
12067530
59616568
53234897
96710007
66365822
85886864
4080926
66069759
12502248
91613272
57407848
91832666
20175539
98621487
74399598
91387673
3821868
78703034
89188847
73007302
22920163
31982792
13342531
90030683
64155241
24517083
55470822
95717356
45816180
65556681
75872873
56427591
83163951
59272657
13067598
86063935
45686092
98254004
91085273
96098861
62505887
25398606
64072498
58098332
58528717
85474214
43934196
4685189
15363290
26370320
74698276
86002479
8967845
22288591
21500829
94673525
50011379
24127656
77514163
74418323
81042750
23019155
5613879
3579126
72543975
21123363
49395660
39384929
19264004
76983415
53358967
56916835
29522433
21637390
55200049
53932971
25401670
56997603
66724209
25550661
93240557
43360464
12471864
21772194
20548184
84319317
59217157
70787271
30256356
41234711
6248697
43040276
34101122
11067601
8368389
14538669
549544
99512955
95237023
59939290
88172487
91571520
73591186
25291623
88395962
15173311
17015761
735255
14034983
808604
54932285
27491276
85452919
12810813
40531530
66433134
71757098
37434940
14524552
15518965
79608766
32460071
11498683
98725233
12510764
65798779
88826544
58295987
42682131
9031428
41524708
88817205
5668742
94518986
12552376
32158809
27828102
23743051
26163751
37269423
46933396
93459749
52874413
77136537
22135566
43883533
82408240
46307223
90802401
46769228
17626776
87743861
88599984
42263767
80448831
85724398
40579719
80157864
99197483
59139230
48210486
51822966
69418330
7177274
44656778
27084658
8137743
13648412
79138383
50754710
97342029
95519616
59931740
35731783
52740823
58633936
11176549
32174041
23636190
62823187
27642723
68196698
48114834
22527917
29219543
90973032
27226610
46275798
30552762
91365397
17197653
59081124
47724659
96728248
97863439
93467538
38518778
3528365
53014774
47374894
52599946
53566316
16612429
58263499
45258645
85753997
54870988
69679980
40758791
518311
63021103
32636730
53999813
10837279
63677913
6290478
49681935
96996675
72750759
97707445
18543530
35538715
27014621
48712043
12262422
42064980
96151153
37980559
72860078
24512865
58942739
91006844
74606933
34829229
80701512
15198959
98726442
31282935
17440749
20758398
45093590
70364907
19238002
49898354
53237527
22835906
25414300
41190840
96983561
7509277
51604168
89201200
79739018
76237290
8902061
83719314
27924405
32612285
63505208
74237198
58986813
12325739
83700353
79097738
64570829
9788107
74364342
72992950
85719537
45220611
84021227
42687757
68496732
80922178
55963899
22528817
77810891
47442967
75850883
87314339
79129256
25971778
98204421
71801464
64125184
94215191
31472712
74924365
67042650
90284121
11606794
83194714
24090735
61116155
27432774
6110311
47966785
19783643
69978857
15201258
75674753
45673215
80194201
20629266
81327794
75642766
20603404
18482568
85215783
80583548
2260307
52924764
16128113
57759965
30798273
91976010
86444304
23386073
21706939
15816561
79901589
83201467
87556512
16348367
87973322
53090875
88131374
49048864
28553003
13777852
86136445
85724189
22875934
85955873
32908187
36997577
89294137
18665930
12758172
45629672
18927194
46378943
43378934
40243873
82995366
6582987
38242252
14046611
61122925
57752228
82720804
16104197
7884453
72274904
844993
25378124
49626846
35838993
88004636
61960161
47050020
73147900
87178447
64835331
57901594
57978445
43141186
55544805
62519833
55840400
9934660
22836645
1620146
80206789
44519202
95718089
7759333
8675955
91385577
4689984
39546047
77657442
40114590
97745477
32410962
32917354
3325816
26866820
44542182
98803173
81072047
74687637
59162342
43611275
11981559
98134197
42080085
52119566
69124384
26862406
29052830
33227963
60020793
46392691
84437429
13471872
67668448
12160835
70816992
60750199
92026062
95912064
31067546
33311755
12576735
84690787
60744207
78428922
62081901
87965130
34178921
19326092
21771286
1110289
8342278
47032014
393516
50848353
68625180
10537537
79656722
55071262
42662296
67462555
19368264
24543992
52079210
58089785
65193200
46420915
29272175
3690351
92856490
9097865
77037609
8850209
63861092
82151336
67717892
82787778
15324273
50887099
80336267
66022420
49159388
53389763
11797157
32114087
17649737
77237820
57938311
69920488
83613612
20918472
81075463
48526677
34437696
38321781
51331417
22638101
19101400
42679152
93038737
92400480
84402935
7608322
22536334
77391867
7563224
79222789
72771283
28828253
53771338
37816601
73072846
68065078
11971961
40828505
53687214
2736438
50746160
31779040
898459
28772131
60811412
57861838
29096100
66612498
83729714
88097805
63642194
87454088
29713966
51758925
43451669
79199807
76884175
14312261
36393068
45013844
13153779
28923882
79914151
56962064
42322437
22739973
71160276
99704440
72677567
23920652
39253440
42205688
32767814
9752940
90111281
22692137
59174108
47034001
63974847
46456579
5766813
21066051
17259403
95201033
46116697
20853548
27074864
26490261
55846481
879820
68462886
83393497
64577291
21639139
13610669
37108511
76809153
6101536
29054171
18726298
46037572
58429359
97066834
84597818
77968492
5227779
7797614
99231123
67513150
55858727
28037334
94555066
65155205
80673401
74971251
18271977
22135747
97781761
8082161
25082075
57950477
96220644
32367780
90066333
36644206
54604494
31130281
97896379
82929792
73067503
61094296
34038989
95376997
25670980
83589733
27089182
40143758
15962970
60767324
38797218
50203710
87741419
10796091
29537764
35697100
11066957
99373820
47519276
49258218
37029930
78920834
96701416
35663173
91691837
30622409
97788637
21826522
91484699
88825994
94723471
74285681
37656501
55028410
54712746
69585867
96981506
40504348
79380290
50574459
27746110
9136829
37280472
41248214
17183372
55546215
60626267
33912766
94656503
14574001
73346336
35435698
74102672
11132930
91564138
47363644
65746277
77990129
47168732
71305505
43576741
78595960
443206
38904780
8746685
23335455
73614973
67898730
65862730
86218285
18716419
52572231
87291592
51446242
57698826
35978653
13090972
5103061
11213787
93521579
47091123
33475424
42509315
31726928
99197954
20117097
97133268
8382714
67781917
49748310
52827892
25078145
93464425
28803115
38096776
91322425
49746169
97584567
68847388
91110808
29091746
22607773
42858355
4745817
67279562
55669371
86445703
10211068
77569897
31673461
71951438
91503438
34980398
80868842
94364171
64743892
57867987
41485596
3111637
31979132
62908084
7933210
78347306
23501317
23123462
8394781
47493122
9746138
21937659
40256155
95500783
96759435
89651118
66155534
35597016
408754
42132362
5662840
31744383
6882753
82464753
25419646
8882024
21405681
59553609
87667525
4539185
1290892
66408761
87344559
89770973
13385148
67011158
28936716
31290669
29314408
9406168
55999617
54865607
44450425
32373199
73908943
48841539
22364099
75964818
55932685
72119249
67518064
14438854
76050374
4579229
26417403
58190019
69472336
25639925
1049274
17894650
56122571
75477089
45793430
2363453
84279951
93353077
64683380
47351167
23388282
11839594
42849070
69129091
15781344
37359387
25200108
89387975
15505417
13410147
73653577
16759835
82558783
58058467
53238864
93029202
50736268
17933499
52754004
38976984
83939697
90614729
69008057
14234040
39041493
4559886
58824069
8125888
84822497
40306124
46411944
1826307
64227196
9569494
5530314
29966750
24126964
27928457
13189927
46231965
29403045
32870734
68533386
89525321
98926782
52743129
46401693
75456265
92542047
91974503
61513444
48079614
38922135
55847740
65427222
58550305
75049458
85301094
69987836
95518339
29064700
3283044
7659701
25258727
42811034
75765682
65023229
23114189
66441715
20381969
27747065
73306042
72034137
56789842
72566015
56910593
21852846
87717638
44652955
78127996
43513852
75770136
81523951
55963050
59490923
63206322
26412263
32985983
18559541
31016576
57663639
10051554
84849430
96062199
5203963
45868778
52996581
43229399
40092103
91827662
10809457
39350222
40185370
5920169
20528875
53892110
55562725
6218083
48122684
96869118
36511716
88592562
81797044
21638231
53308548
54432086
13618940
93662930
60097200
37225015
15400780
28354097
60202531
68922350
38010728
68879568
66969187
96093702
71354332
78333672
