8732
0.0	0.005801062500000001	0.0	0.0
0.088	0.01617675	0.0	0.0
0.173	0.026281875000000003	0.0	0.0
0.256	0.036039375000000005	0.0	0.0
0.336	0.04554375000000001	0.0	0.0
0.424	0.050418750000000005	0.0	0.0
0.51	0.05517562500000001	0.0	0.0
0.592	0.059769375000000007	0.0	0.0
0.673	0.06424125000000001	0.0	0.0
0.761	0.06154312500000001	0.0	0.0
0.846	0.058914375	0.0	0.0
0.929	0.056373750000000014	0.0	0.0
1.009	0.05389875	0.0	0.0
1.097	0.043786875	0.0	0.0
1.182	0.033911250000000004	0.0	0.0
1.265	0.024348750000000002	0.0	0.0
1.346	0.015022875000000002	0.0	0.0
1.434	0.00039264375000000007	0.0	0.0
1.519	-0.0138815625	0.0	0.0
1.602	-0.027686250000000003	0.0	0.0
1.683	-0.041133750000000004	0.0	0.0
1.77	-0.054016875000000006	0.0	0.0
1.856	-0.06659250000000001	0.0	0.0
1.938	-0.07877625	0.0	0.0
2.019	-0.09067500000000002	0.0	0.0
2.107	-0.09409125000000002	0.0	0.0
2.192	-0.09743062500000002	0.0	0.0
2.275	-0.10066875000000002	0.0	0.0
2.356	-0.10382625000000001	0.0	0.0
2.443	-0.092619375	0.0	0.0
2.529	-0.08167312500000001	0.0	0.0
2.611	-0.07105687500000002	0.0	0.0
2.692	-0.06068250000000001	0.0	0.0
2.779	-0.03679687500000001	0.0	0.0
2.865	-0.013420125000000001	0.0	0.0
2.948	0.009268687500000003	0.0	0.0
3.029	0.031425	0.0	0.0
3.116	0.12690375	0.0	0.0
3.201	0.22023750000000003	0.0	0.0
3.284	0.3108375000000001	0.0	0.0
3.365	0.39946875000000004	0.0	0.0
3.452	0.43711875000000006	0.0	0.0
3.538	0.47401875000000004	0.0	0.0
3.621	0.50990625	0.0	0.0
3.702	0.5450437500000002	0.0	0.0
3.789	0.5124562500000001	0.0	0.0
3.875	0.48054375000000005	0.0	0.0
3.958	0.44955000000000006	0.0	0.0
4.039	0.41925	0.0	0.0
4.126	0.32315625000000003	0.0	0.0
4.211	0.22906875	0.0	0.0
4.294	0.13750125	0.0	0.0
4.375	0.047758125	0.0	0.0
4.462	-0.06825562500000001	0.0	0.0
4.547	-0.18205125000000003	0.0	0.0
4.631	-0.29285625000000004	0.0	0.0
4.712	-0.40132500000000004	0.0	0.0
4.799	-0.47581875	0.0	0.0
4.884	-0.5487937500000001	0.0	0.0
4.967	-0.619875	0.0	0.0
5.048	-0.6895875	0.0	0.0
5.135	-0.67843125	0.0	0.0
5.22	-0.66748125	0.0	0.0
5.303	-0.6567937500000001	0.0	0.0
5.385	-0.6462937500000001	0.0	0.0
5.472	-0.5488687500000001	0.0	0.0
5.557	-0.45330000000000004	0.0	0.0
5.64	-0.36013125	0.0	0.0
5.722	-0.2688375	0.0	0.0
5.809	-0.13331812500000004	0.0	0.0
5.894	-0.00029190000000000005	0.0	0.0
5.976	0.12958875	0.0	0.0
6.058	0.25719375	0.0	0.0
6.145	0.3612000000000001	0.0	0.0
6.23	0.46344375000000004	0.0	0.0
6.313	0.56330625	0.0	0.0
6.395	0.6613312500000001	0.0	0.0
6.481	0.6794250000000001	0.0	0.0
6.566	0.6971625000000001	0.0	0.0
6.649	0.7145250000000001	0.0	0.0
6.731	0.73156875	0.0	0.0
6.817	0.6572625000000001	0.0	0.0
6.903	0.5841000000000001	0.0	0.0
6.986	0.5124937500000001	0.0	0.0
7.068	0.44203125000000004	0.0	0.0
7.155	0.31878750000000006	0.0	0.0
7.24	0.19758750000000003	0.0	0.0
7.323	0.079095	0.0	0.0
7.405	-0.037336875	0.0	0.0
7.491	-0.14155875	0.0	0.0
7.576	-0.24410625	0.0	0.0
7.659	-0.34453125000000007	0.0	0.0
7.741	-0.44347500000000006	0.0	0.0
7.827	-0.47938125000000004	0.0	0.0
7.912	-0.5147625	0.0	0.0
7.996	-0.54945	0.0	0.0
8.078	-0.5835750000000001	0.0	0.0
8.164	-0.5447625	0.0	0.0
8.249	-0.50656875	0.0	0.0
8.332	-0.46910625000000006	0.0	0.0
8.414	-0.43220625	0.0	0.0
8.5	-0.35103750000000006	0.0	0.0
8.585	-0.270975	0.0	0.0
8.669	-0.19237500000000002	0.0	0.0
8.751	-0.11488875000000001	0.0	0.0
8.837	-0.030405	0.0	0.0
8.922	0.05287312500000001	0.0	0.0
9.005	0.13461	0.0	0.0
9.088	0.21519375	0.0	0.0
9.174	0.28066875	0.0	0.0
9.258	0.3452812500000001	0.0	0.0
9.342	0.40875000000000006	0.0	0.0
9.424	0.47137500000000004	0.0	0.0
9.51	0.4972500000000001	0.0	0.0
9.595	0.52280625	0.0	0.0
9.678	0.5479125	0.0	0.0
9.761	0.5727000000000001	0.0	0.0
9.847	0.52389375	0.0	0.0
9.931	0.4757062500000001	0.0	0.0
10.015	0.42830625000000005	0.0	0.0
10.097	0.38148750000000003	0.0	0.0
10.183	0.24073125	0.0	0.0
10.268	0.10166062500000002	0.0	0.0
10.351	-0.0352275	0.0	0.0
10.434	-0.17050500000000002	0.0	0.0
10.52	-0.35889375000000007	0.0	0.0
10.604	-0.54515625	0.0	0.0
10.688	-0.7286250000000001	0.0	0.0
10.77	-0.9100125000000002	0.0	0.0
10.856	-1.0389750000000002	0.0	0.0
10.941	-1.16653125	0.0	0.0
11.024	-1.2922500000000001	0.0	0.0
11.107	-1.4165812500000001	0.0	0.0
11.193	-1.3714687500000002	0.0	0.0
11.277	-1.32684375	0.0	0.0
11.361	-1.2828187500000001	0.0	0.0
11.444	-1.23924375	0.0	0.0
11.529	-0.9798	0.0	0.0
11.614	-0.7229625000000001	0.0	0.0
11.697	-0.46950000000000003	0.0	0.0
11.78	-0.2185125	0.0	0.0
11.866	0.16667625000000003	0.0	0.0
11.95	0.548175	0.0	0.0
12.034	0.92491875	0.0	0.0
12.117	1.2981375000000002	0.0	0.0
12.202	1.610775	0.0	0.0
12.287	1.9205625	0.0	0.0
12.371	2.2267500000000005	0.0	0.0
12.453	2.5301250000000004	0.0	0.0
12.539	2.560125	0.0	0.0
12.623	2.5897500000000004	0.0	0.0
12.707	2.6191875000000007	0.0	0.0
12.79	2.64825	0.0	0.0
12.875	2.3040000000000003	0.0	0.0
12.96	1.9623750000000004	0.0	0.0
13.044	1.62451875	0.0	0.0
13.127	1.2892312500000003	0.0	0.0
13.212	0.6817500000000001	0.0	0.0
13.296	0.07895250000000001	0.0	0.0
13.38	-0.51781875	0.0	0.0
13.463	-1.11013125	0.0	0.0
13.548	-1.6901250000000003	0.0	0.0
13.633	-2.2659375	0.0	0.0
13.717	-2.8363125000000005	0.0	0.0
13.8	-3.4029375	0.0	0.0
13.885	-3.624	0.0	0.0
13.969	-3.843562500000001	0.0	0.0
14.053	-4.06125	0.0	0.0
14.136	-4.2776250000000005	0.0	0.0
14.221	-3.953625000000001	0.0	0.0
14.306	-3.6315000000000004	0.0	0.0
14.39	-3.3120000000000003	0.0	0.0
14.473	-2.9945625000000002	0.0	0.0
14.558	-2.2162500000000005	0.0	0.0
14.642	-1.442625	0.0	0.0
14.726	-0.67464375	0.0	0.0
14.81	0.08917687500000002	0.0	0.0
14.894	0.9640500000000001	0.0	0.0
14.979	1.834275	0.0	0.0
15.063	2.6986875000000006	0.0	0.0
15.146	3.5587500000000003	0.0	0.0
15.231	4.072312500000001	0.0	0.0
15.315	4.5832500000000005	0.0	0.0
15.399	5.091187500000001	0.0	0.0
15.483	5.596875000000001	0.0	0.0
15.567	5.43375	0.0	0.0
15.652	5.2711875	0.0	0.0
15.736	5.109562500000001	0.0	0.0
15.819	4.948687500000001	0.0	0.0
15.904	4.126125	0.0	0.0
15.988	3.3069375	0.0	0.0
16.072	2.4915000000000003	0.0	0.0
16.156	1.6790062500000003	0.0	0.0
16.241	0.5697375	0.0	0.0
16.325	-0.53578125	0.0	0.0
16.409	-1.6367250000000002	0.0	0.0
16.493	-2.7345	0.0	0.0
16.577	-3.5750625	0.0	0.0
16.661	-4.413375	0.0	0.0
16.745	-5.248500000000001	0.0	0.0
16.829	-6.08175	0.0	0.0
16.914	-6.201375	0.0	0.0
16.998	-6.320625000000001	0.0	0.0
17.082	-6.4396875	0.0	0.0
17.166	-6.5585625	0.0	0.0
17.25	-5.856375	0.0	0.0
17.334	-5.155687500000001	0.0	0.0
17.418	-4.4565	0.0	0.0
17.502	-3.75825	0.0	0.0
17.587	-2.5569375	0.0	0.0
17.671	-1.3572187500000001	0.0	0.0
17.755	-0.159489375	0.0	0.0
17.839	1.0369875000000002	0.0	0.0
17.923	2.1440625000000004	0.0	0.0
18.007	3.2499375000000006	0.0	0.0
18.091	4.354875	0.0	0.0
18.175	5.45925	0.0	0.0
18.26	5.9109375	0.0	0.0
18.344	6.36225	0.0	0.0
18.428	6.813562500000001	0.0	0.0
18.512	7.264875000000001	0.0	0.0
18.596	6.826125	0.0	0.0
18.68	6.387375000000001	0.0	0.0
18.764	5.948437500000001	0.0	0.0
18.849	5.5095	0.0	0.0
18.933	4.3974375	0.0	0.0
19.017	3.2846250000000006	0.0	0.0
19.101	2.1710625	0.0	0.0
19.185	1.05616875	0.0	0.0
19.269	-0.17127187500000002	0.0	0.0
19.353	-1.3999875000000002	0.0	0.0
19.437	-2.6306250000000007	0.0	0.0
19.522	-3.86325	0.0	0.0
19.606	-4.5965625	0.0	0.0
19.69	-5.331	0.0	0.0
19.774	-6.0669375	0.0	0.0
19.858	-6.8041875	0.0	0.0
19.942	-6.6958125	0.0	0.0
20.026	-6.5870625	0.0	0.0
20.111	-6.4779375	0.0	0.0
20.195	-6.368625000000001	0.0	0.0
20.279	-5.503125000000001	0.0	0.0
20.363	-4.635187500000001	0.0	0.0
20.447	-3.76425	0.0	0.0
20.532	-2.8906875000000003	0.0	0.0
20.615	-1.7259937500000004	0.0	0.0
20.699	-0.55790625	0.0	0.0
20.784	0.6150562500000001	0.0	0.0
20.868	1.791975	0.0	0.0
20.952	2.6720625000000005	0.0	0.0
21.036	3.555	0.0	0.0
21.12	4.4424375000000005	0.0	0.0
21.205	5.3332500000000005	0.0	0.0
21.288	5.5215000000000005	0.0	0.0
21.372	5.710500000000001	0.0	0.0
21.457	5.900625000000001	0.0	0.0
21.541	6.0915	0.0	0.0
21.625	5.5509375	0.0	0.0
21.709	5.0079375	0.0	0.0
21.793	4.4615625	0.0	0.0
21.878	3.9125625	0.0	0.0
21.961	2.9671875000000005	0.0	0.0
22.045	2.017125	0.0	0.0
22.13	1.06063125	0.0	0.0
22.215	0.09905625	0.0	0.0
22.298	-0.7581187500000002	0.0	0.0
22.382	-1.6199625000000004	0.0	0.0
22.466	-2.488125	0.0	0.0
22.551	-3.3615000000000004	0.0	0.0
22.634	-3.730875	0.0	0.0
22.718	-4.1025	0.0	0.0
22.803	-4.4773125	0.0	0.0
22.888	-4.8541875	0.0	0.0
22.971	-4.6194375	0.0	0.0
23.055	-4.383187500000001	0.0	0.0
23.139	-4.144875000000001	0.0	0.0
23.224	-3.9048750000000005	0.0	0.0
23.307	-3.2585625000000005	0.0	0.0
23.391	-2.6075625000000002	0.0	0.0
23.476	-1.9505625	0.0	0.0
23.561	-1.2887062500000002	0.0	0.0
23.644	-0.5967	0.0	0.0
23.728	0.10053375	0.0	0.0
23.812	0.80480625	0.0	0.0
23.897	1.51455	0.0	0.0
23.98	1.9179375000000003	0.0	0.0
24.064	2.324625	0.0	0.0
24.149	2.7354375	0.0	0.0
24.234	3.1498125	0.0	0.0
24.317	3.1245000000000007	0.0	0.0
24.401	3.0991875	0.0	0.0
24.485	3.0735	0.0	0.0
24.571	3.0476250000000005	0.0	0.0
24.654	2.6872500000000006	0.0	0.0
24.737	2.3235000000000006	0.0	0.0
24.822	1.955625	0.0	0.0
24.907	1.5842437500000004	0.0	0.0
24.99	1.12790625	0.0	0.0
25.074	0.66725625	0.0	0.0
25.158	0.200775	0.0	0.0
25.244	-0.27020625000000004	0.0	0.0
25.327	-0.5854125000000001	0.0	0.0
25.41	-0.90375	0.0	0.0
25.495	-1.226325	0.0	0.0
25.58	-1.5521625000000001	0.0	0.0
25.663	-1.61175	0.0	0.0
25.747	-1.6719750000000004	0.0	0.0
25.831	-1.7330250000000003	0.0	0.0
25.917	-1.7947125000000002	0.0	0.0
26.0	-1.6393499999999999	0.0	0.0
26.083	-1.4822812500000002	0.0	0.0
26.168	-1.3229250000000001	0.0	0.0
26.254	-1.1617875000000002	0.0	0.0
26.336	-0.9301312500000001	0.0	0.0
26.42	-0.6958125000000001	0.0	0.0
26.504	-0.45795	0.0	0.0
26.59	-0.21735000000000002	0.0	0.0
26.673	-0.04760812500000001	0.0	0.0
26.756	0.12415499999999999	0.0	0.0
26.841	0.29865	0.0	0.0
26.927	0.47525625000000005	0.0	0.0
27.009	0.521625	0.0	0.0
27.093	0.568575	0.0	0.0
27.177	0.6163125	0.0	0.0
27.263	0.6646312500000001	0.0	0.0
27.346	0.6159000000000001	0.0	0.0
27.429	0.5665125000000002	0.0	0.0
27.514	0.51628125	0.0	0.0
27.6	0.46539375000000005	0.0	0.0
27.682	0.39198750000000004	0.0	0.0
27.766	0.31760625000000003	0.0	0.0
27.851	0.24189375000000002	0.0	0.0
27.937	0.16515562500000003	0.0	0.0
28.019	0.10637437500000001	0.0	0.0
28.102	0.04676062500000001	0.0	0.0
28.187	-0.013978875000000002	0.0	0.0
28.273	-0.07559625000000002	0.0	0.0
28.355	-0.13170937500000002	0.0	0.0
28.439	-0.18862500000000001	0.0	0.0
28.524	-0.24661875000000003	0.0	0.0
28.61	-0.30540000000000006	0.0	0.0
28.692	-0.34573125000000005	0.0	0.0
28.775	-0.3866625000000001	0.0	0.0
28.86	-0.4284	0.0	0.0
28.946	-0.4708125000000001	0.0	0.0
29.028	-0.45333750000000006	0.0	0.0
29.112	-0.43558125000000003	0.0	0.0
29.197	-0.41746875000000006	0.0	0.0
29.283	-0.3990937500000001	0.0	0.0
29.365	-0.31074375000000004	0.0	0.0
29.448	-0.2210625	0.0	0.0
29.533	-0.129515625	0.0	0.0
29.619	-0.036457500000000004	0.0	0.0
29.701	0.08396625	0.0	0.0
29.784	0.20653125000000006	0.0	0.0
29.869	0.33187500000000003	0.0	0.0
29.956	0.45933750000000007	0.0	0.0
30.038	0.5419687500000001	0.0	0.0
30.121	0.6259687500000001	0.0	0.0
30.207	0.7117687500000001	0.0	0.0
30.293	0.7989187500000001	0.0	0.0
30.375	0.7877250000000001	0.0	0.0
30.458	0.7763437500000001	0.0	0.0
30.543	0.7647	0.0	0.0
30.629	0.7528312500000001	0.0	0.0
30.711	0.64385625	0.0	0.0
30.794	0.5328375000000001	0.0	0.0
30.879	0.4191750000000001	0.0	0.0
30.966	0.3035625	0.0	0.0
31.048	0.15037687500000002	0.0	0.0
31.13	-0.005534250000000001	0.0	0.0
31.215	-0.16522125000000004	0.0	0.0
31.302	-0.3279000000000001	0.0	0.0
31.384	-0.44520000000000004	0.0	0.0
31.467	-0.5648812500000001	0.0	0.0
31.552	-0.687675	0.0	0.0
31.639	-0.81283125	0.0	0.0
31.721	-0.8323125	0.0	0.0
31.804	-0.8521500000000001	0.0	0.0
31.889	-0.8724937500000001	0.0	0.0
31.976	-0.8932125000000001	0.0	0.0
32.057	-0.8066062500000001	0.0	0.0
32.14	-0.7183125	0.0	0.0
32.225	-0.6276375000000001	0.0	0.0
32.312	-0.5351062500000001	0.0	0.0
32.393	-0.3900187500000001	0.0	0.0
32.477	-0.24181875	0.0	0.0
32.562	-0.08961937500000001	0.0	0.0
32.649	0.06554812500000001	0.0	0.0
32.73	0.19286250000000002	0.0	0.0
32.813	0.3227625	0.0	0.0
32.898	0.45622500000000005	0.0	0.0
32.985	0.5925375	0.0	0.0
33.066	0.6409875	0.0	0.0
33.149	0.69054375	0.0	0.0
33.235	0.7415625	0.0	0.0
33.322	0.79366875	0.0	0.0
33.403	0.74685	0.0	0.0
33.486	0.6990000000000001	0.0	0.0
33.572	0.6498375000000001	0.0	0.0
33.659	0.59964375	0.0	0.0
33.74	0.46696875	0.0	0.0
33.823	0.33131250000000007	0.0	0.0
33.908	0.19156875	0.0	0.0
33.995	0.04863000000000001	0.0	0.0
34.076	0.0136696875	0.0	0.0
34.159	-0.022130625	0.0	0.0
34.245	-0.059015625	0.0	0.0
34.332	-0.09670500000000001	0.0	0.0
34.413	-0.11428125	0.0	0.0
34.495	-0.13226625	0.0	0.0
34.581	-0.15080812500000004	0.0	0.0
34.668	-0.169794375	0.0	0.0
34.749	-0.16526812500000002	0.0	0.0
34.832	-0.16063125000000003	0.0	0.0
34.917	-0.155844375	0.0	0.0
35.005	-0.150950625	0.0	0.0
35.086	-0.13117687500000003	0.0	0.0
35.168	-0.11092875	0.0	0.0
35.254	-0.090028125	0.0	0.0
35.341	-0.068615625	0.0	0.0
35.422	-0.046335	0.0	0.0
35.505	-0.023461875	0.0	0.0
35.59	0.0001896375	0.0	0.0
35.678	0.02443125	0.0	0.0
35.759	0.038236875000000003	0.0	0.0
35.842	0.052393125000000006	0.0	0.0
35.927	0.067010625	0.0	0.0
36.015	0.08197687500000002	0.0	0.0
36.095	0.08310187499999999	0.0	0.0
36.178	0.08425500000000001	0.0	0.0
36.263	0.08544750000000001	0.0	0.0
36.351	0.08667375000000001	0.0	0.0
36.432	0.07828312500000001	0.0	0.0
36.514	0.06966000000000001	0.0	0.0
36.6	0.060735	0.0	0.0
36.688	0.051586875	0.0	0.0
36.768	0.04051125	0.0	0.0
36.851	0.029139375	0.0	0.0
36.936	0.01736325	0.0	0.0
37.024	0.005271187500000001	0.0	0.0
37.104	-0.0025989375	0.0	0.0
37.187	-0.010699875	0.0	0.0
37.273	-0.0191025	0.0	0.0
37.361	-0.027735	0.0	0.0
37.442	-0.030155625	0.0	0.0
37.524	-0.032643750000000006	0.0	0.0
37.61	-0.03522187500000001	0.0	0.0
37.698	-0.037867500000000005	0.0	0.0
37.778	-0.03592125	0.0	0.0
37.86	-0.033918750000000004	0.0	0.0
37.946	-0.031839375	0.0	0.0
38.034	-0.029701875000000003	0.0	0.0
38.114	-0.025402500000000005	0.0	0.0
38.197	-0.020971875	0.0	0.0
38.283	-0.0163708125	0.0	0.0
38.371	-0.011643750000000001	0.0	0.0
38.451	-0.0063808125	0.0	0.0
38.533	-0.00096294375	0.0	0.0
38.619	0.004665375	0.0	0.0
38.707	0.0104581875	0.0	0.0
38.787	0.015178312500000003	0.0	0.0
38.87	0.020049375	0.0	0.0
38.956	0.025119375000000003	0.0	0.0
39.044	0.0303375	0.0	0.0
39.124	0.032218125	0.0	0.0
39.207	0.034156875	0.0	0.0
39.293	0.036170625000000005	0.0	0.0
39.381	0.0382425	0.0	0.0
39.461	0.03552937500000001	0.0	0.0
39.543	0.032731875	0.0	0.0
39.629	0.029818125	0.0	0.0
39.717	0.026814375	0.0	0.0
39.797	0.020015625000000002	0.0	0.0
39.879	0.012991125	0.0	0.0
39.965	0.005673750000000001	0.0	0.0
40.054	-0.0018619687500000001	0.0	0.0
40.134	-0.009605625000000001	0.0	0.0
40.216	-0.017597812500000004	0.0	0.0
40.302	-0.025927500000000003	0.0	0.0
40.39	-0.034520625	0.0	0.0
40.47	-0.03901500000000001	0.0	0.0
40.552	-0.04366500000000001	0.0	0.0
40.638	-0.04852125	0.0	0.0
40.727	-0.05353125000000001	0.0	0.0
40.807	-0.051871875000000005	0.0	0.0
40.889	-0.050154375	0.0	0.0
40.975	-0.048365625	0.0	0.0
41.064	-0.046520624999999996	0.0	0.0
41.143	-0.039013125	0.0	0.0
41.226	-0.031250625000000004	0.0	0.0
41.311	-0.023139375000000004	0.0	0.0
41.4	-0.0147579375	0.0	0.0
41.48	-0.004907062500000001	0.0	0.0
41.562	0.0052966875	0.0	0.0
41.648	0.0159594375	0.0	0.0
41.737	0.026964375	0.0	0.0
41.816	0.034091250000000003	0.0	0.0
41.898	0.0414675	0.0	0.0
41.984	0.04918125000000001	0.0	0.0
42.073	0.0571575	0.0	0.0
42.152	0.05778	0.0	0.0
42.235	0.058425	0.0	0.0
42.321	0.05909812500000001	0.0	0.0
42.41	0.059795625000000005	0.0	0.0
42.489	0.05343562500000001	0.0	0.0
42.571	0.04684687500000001	0.0	0.0
42.657	0.039950625000000003	0.0	0.0
42.746	0.0328125	0.0	0.0
42.825	0.022636875	0.0	0.0
42.907	0.012067500000000002	0.0	0.0
42.994	0.00098401875	0.0	0.0
43.083	-0.010490250000000001	0.0	0.0
43.162	-0.019342500000000002	0.0	0.0
43.245	-0.028524375000000005	0.0	0.0
43.331	-0.03814125	0.0	0.0
43.42	-0.048086250000000004	0.0	0.0
43.499	-0.0511725	0.0	0.0
43.581	-0.054376875	0.0	0.0
43.667	-0.057738750000000005	0.0	0.0
43.756	-0.061224375000000004	0.0	0.0
43.835	-0.057249375000000005	0.0	0.0
43.917	-0.05311500000000001	0.0	0.0
44.004	-0.04877625	0.0	0.0
44.093	-0.04428375	0.0	0.0
44.172	-0.035585625	0.0	0.0
44.254	-0.02655	0.0	0.0
44.34	-0.0170596875	0.0	0.0
44.429	-0.007217062500000001	0.0	0.0
44.508	0.0016272000000000003	0.0	0.0
44.59	0.010837125000000001	0.0	0.0
44.676	0.0205275	0.0	0.0
44.766	0.030581250000000004	0.0	0.0
44.845	0.035233125000000004	0.0	0.0
44.927	0.040070625	0.0	0.0
45.014	0.045153750000000006	0.0	0.0
45.103	0.050422499999999995	0.0	0.0
45.182	0.049018124999999996	0.0	0.0
45.263	0.04755750000000001	0.0	0.0
45.35	0.04601812500000001	0.0	0.0
45.439	0.044420625000000005	0.0	0.0
45.518	0.03835125	0.0	0.0
45.6	0.032025000000000005	0.0	0.0
45.686	0.025363125	0.0	0.0
45.776	0.018448687500000005	0.0	0.0
45.855	0.011296312500000003	0.0	0.0
45.936	0.0038473125000000005	0.0	0.0
46.022	-0.0040018125	0.0	0.0
46.112	-0.0121610625	0.0	0.0
46.191	-0.01679025	0.0	0.0
46.272	-0.021624375	0.0	0.0
46.359	-0.026726250000000003	0.0	0.0
46.449	-0.032030625	0.0	0.0
46.528	-0.032338125	0.0	0.0
46.61	-0.03265875	0.0	0.0
46.696	-0.03299625	0.0	0.0
46.786	-0.033346875000000005	0.0	0.0
46.864	-0.030050624999999997	0.0	0.0
46.946	-0.026611875	0.0	0.0
47.032	-0.022980000000000004	0.0	0.0
47.122	-0.019198125000000003	0.0	0.0
47.2	-0.014706937500000001	0.0	0.0
47.282	-0.0100130625	0.0	0.0
47.369	-0.005054437500000001	0.0	0.0
47.459	0.00010294312500000001	0.0	0.0
47.537	0.0032660625000000003	0.0	0.0
47.619	0.00657	0.0	0.0
47.705	0.010063500000000001	0.0	0.0
47.795	0.013704000000000001	0.0	0.0
47.873	0.014355000000000001	0.0	0.0
47.955	0.015036375000000003	0.0	0.0
48.042	0.015757312500000002	0.0	0.0
48.132	0.0165076875	0.0	0.0
48.21	0.015136500000000002	0.0	0.0
48.292	0.013703062500000002	0.0	0.0
48.378	0.012185625000000002	0.0	0.0
48.468	0.010603500000000002	0.0	0.0
48.546	0.008721375	0.0	0.0
48.628	0.006748500000000001	0.0	0.0
48.715	0.0046569375000000005	0.0	0.0
48.805	0.0024751875000000004	0.0	0.0
48.883	0.0014105250000000001	0.0	0.0
48.965	0.0002960812500000001	0.0	0.0
49.052	-0.0008840437500000001	0.0	0.0
49.142	-0.0021136875	0.0	0.0
49.22	-0.0021495000000000004	0.0	0.0
49.301	-0.0021868125000000004	0.0	0.0
49.388	-0.0022265625000000002	0.0	0.0
49.478	-0.002268	0.0	0.0
49.556	-0.0024498750000000002	0.0	0.0
49.638	-0.0026409375	0.0	0.0
49.724	-0.0028434375000000005	0.0	0.0
49.815	-0.0030549375000000004	0.0	0.0
49.893	-0.003070125	0.0	0.0
49.974	-0.0030858750000000005	0.0	0.0
50.061	-0.00310275	0.0	0.0
50.151	-0.0031201874999999997	0.0	0.0
50.229	-0.0021528750000000003	0.0	0.0
50.31	-0.00113625	0.0	0.0
50.397	-5.4900000000000006e-05	0.0	0.0
50.488	0.0010755562500000002	0.0	0.0
50.566	0.0026336250000000005	0.0	0.0
50.648	0.0042691875	0.0	0.0
50.734	0.006006375	0.0	0.0
50.825	0.0078208125	0.0	0.0
50.902	0.008879437500000002	0.0	0.0
50.984	0.0099913125	0.0	0.0
51.07	0.011175000000000001	0.0	0.0
51.161	0.012414187500000002	0.0	0.0
51.239	0.012033375	0.0	0.0
51.32	0.0116326875	0.0	0.0
51.407	0.011205937500000002	0.0	0.0
51.498	0.010759875	0.0	0.0
51.575	0.008850375	0.0	0.0
51.657	0.006843187500000001	0.0	0.0
51.743	0.004704937500000001	0.0	0.0
51.834	0.00246525	0.0	0.0
51.911	-6.967125e-05	0.0	0.0
51.993	-0.0027410625000000004	0.0	0.0
52.08	-0.005591625000000001	0.0	0.0
52.171	-0.008578312500000001	0.0	0.0
52.249	-0.0103449375	0.0	0.0
52.33	-0.012204375000000002	0.0	0.0
52.417	-0.014185875000000002	0.0	0.0
52.508	-0.01626	0.0	0.0
52.585	-0.016210125000000002	0.0	0.0
52.666	-0.0161578125	0.0	0.0
52.753	-0.016101937500000003	0.0	0.0
52.844	-0.016043062500000004	0.0	0.0
52.921	-0.014128687500000002	0.0	0.0
53.003	-0.01210875	0.0	0.0
53.09	-0.009951375	0.0	0.0
53.181	-0.007690500000000001	0.0	0.0
53.258	-0.004897687500000001	0.0	0.0
53.339	-0.0019539375	0.0	0.0
53.426	0.0011921437500000001	0.0	0.0
53.517	0.0044945625	0.0	0.0
53.594	0.006725625	0.0	0.0
53.675	0.009083250000000001	0.0	0.0
53.763	0.011607000000000001	0.0	0.0
53.854	0.014257125000000002	0.0	0.0
53.931	0.014816437500000001	0.0	0.0
54.013	0.015406687500000002	0.0	0.0
54.1	0.016037625000000003	0.0	0.0
54.191	0.0166996875	0.0	0.0
54.268	0.015398812500000003	0.0	0.0
54.349	0.014024625000000002	0.0	0.0
54.436	0.012552375000000003	0.0	0.0
54.527	0.0110045625	0.0	0.0
54.604	0.008605125000000002	0.0	0.0
54.685	0.006066562500000001	0.0	0.0
54.772	0.0033466875000000003	0.0	0.0
54.864	0.0004902187500000001	0.0	0.0
54.941	-0.0017497875000000002	0.0	0.0
55.022	-0.004117687500000001	0.0	0.0
55.109	-0.006657375000000001	0.0	0.0
55.2	-0.009329625000000001	0.0	0.0
55.277	-0.010366312500000002	0.0	0.0
55.358	-0.0114643125	0.0	0.0
55.445	-0.012642375	0.0	0.0
55.537	-0.013880625	0.0	0.0
55.614	-0.013344000000000002	0.0	0.0
55.695	-0.012776062500000003	0.0	0.0
55.781	-0.0121663125	0.0	0.0
55.873	-0.011524312500000002	0.0	0.0
55.95	-0.009827250000000001	0.0	0.0
56.031	-0.008026875	0.0	0.0
56.118	-0.006090750000000001	0.0	0.0
56.21	-0.004051875	0.0	0.0
56.287	-0.0020833125	0.0	0.0
56.368	2.2612499999999997e-06	0.0	0.0
56.455	0.002242125	0.0	0.0
56.547	0.0045988125000000005	0.0	0.0
56.623	0.005910375000000001	0.0	0.0
56.704	0.0073012500000000004	0.0	0.0
56.791	0.00879825	0.0	0.0
56.883	0.0103768125	0.0	0.0
56.959	0.010504125000000001	0.0	0.0
57.041	0.010639312500000001	0.0	0.0
57.128	0.010785	0.0	0.0
57.22	0.010938187500000002	0.0	0.0
57.296	0.009901125	0.0	0.0
57.377	0.0088005	0.0	0.0
57.464	0.0076153125	0.0	0.0
57.556	0.006364500000000001	0.0	0.0
57.632	0.0046910625	0.0	0.0
57.713	0.0029105625000000004	0.0	0.0
57.801	0.0009898312500000001	0.0	0.0
57.893	-0.0010374000000000002	0.0	0.0
57.969	-0.002555625	0.0	0.0
58.05	-0.0041686875000000005	0.0	0.0
58.138	-0.005906625000000001	0.0	0.0
58.23	-0.0077390625	0.0	0.0
58.306	-0.0083818125	0.0	0.0
58.387	-0.00906525	0.0	0.0
58.474	-0.009803250000000003	0.0	0.0
58.566	-0.010583250000000002	0.0	0.0
58.642	-0.0100610625	0.0	0.0
58.723	-0.009505125000000001	0.0	0.0
58.811	-0.008904750000000001	0.0	0.0
58.903	-0.0082708125	0.0	0.0
58.979	-0.006860437500000001	0.0	0.0
59.06	-0.005359500000000001	0.0	0.0
59.147	-0.0037378125000000002	0.0	0.0
59.239	-0.002023125	0.0	0.0
59.315	-0.0004414687500000001	0.0	0.0
59.396	0.00124576875	0.0	0.0
59.483	0.0030718125000000008	0.0	0.0
59.576	0.00500325	0.0	0.0
59.652	0.00596175	0.0	0.0
59.733	0.006982875000000001	0.0	0.0
59.821	0.008086687500000002	0.0	0.0
59.913	0.0092529375	0.0	0.0
59.989	0.009140812500000001	0.0	0.0
60.069	0.009021375000000002	0.0	0.0
60.157	0.0088918125	0.0	0.0
60.249	0.008754562500000002	0.0	0.0
60.325	0.0077169375	0.0	0.0
60.406	0.006608812500000001	0.0	0.0
60.493	0.005408250000000001	0.0	0.0
60.586	0.0041383125	0.0	0.0
60.661	0.0028025625	0.0	0.0
60.742	0.0013771125000000004	0.0	0.0
60.829	-0.000168645	0.0	0.0
60.922	-0.00180699375	0.0	0.0
60.998	-0.0027271875	0.0	0.0
61.078	-0.003711	0.0	0.0
61.166	-0.00477825	0.0	0.0
61.259	-0.0059083125	0.0	0.0
61.334	-0.006016312500000001	0.0	0.0
61.415	-0.0061318125	0.0	0.0
61.502	-0.006256875000000001	0.0	0.0
61.595	-0.0063898125000000005	0.0	0.0
61.67	-0.005812500000000001	0.0	0.0
61.751	-0.0051943125	0.0	0.0
61.839	-0.004522125000000001	0.0	0.0
61.932	-0.0038090625	0.0	0.0
62.008	-0.0030219375	0.0	0.0
62.088	-0.0021800625	0.0	0.0
62.176	-0.00126598125	0.0	0.0
62.269	-0.00029722500000000003	0.0	0.0
62.344	0.000259275	0.0	0.0
62.425	0.0008550562500000001	0.0	0.0
62.512	0.0015033750000000002	0.0	0.0
62.605	0.0021920625	0.0	0.0
62.68	0.0024421875	0.0	0.0
62.761	0.0027105000000000002	0.0	0.0
62.849	0.0030024375	0.0	0.0
62.942	0.003312	0.0	0.0
63.017	0.0033371250000000002	0.0	0.0
63.097	0.0033639375000000006	0.0	0.0
63.185	0.003393	0.0	0.0
63.278	0.003424125	0.0	0.0
63.353	0.0030556875	0.0	0.0
63.434	0.0026602500000000003	0.0	0.0
63.522	0.002228625	0.0	0.0
63.615	0.00177001875	0.0	0.0
63.69	0.0008733000000000001	0.0	0.0
63.771	-8.856e-05	0.0	0.0
63.859	-0.00113634375	0.0	0.0
63.952	-0.0022490625	0.0	0.0
64.027	-0.00333375	0.0	0.0
64.107	-0.004498500000000001	0.0	0.0
64.195	-0.005769937500000001	0.0	0.0
64.288	-0.0071235	0.0	0.0
64.363	-0.0076865625000000016	0.0	0.0
64.444	-0.008292	0.0	0.0
64.531	-0.008953125000000001	0.0	0.0
64.625	-0.009655875000000001	0.0	0.0
64.7	-0.009075937500000002	0.0	0.0
64.78	-0.008452875	0.0	0.0
64.868	-0.007772062500000001	0.0	0.0
64.961	-0.007047	0.0	0.0
65.036	-0.005306625000000001	0.0	0.0
65.116	-0.0034320000000000006	0.0	0.0
65.204	-0.0013806562500000002	0.0	0.0
65.298	0.0008046750000000001	0.0	0.0
65.373	0.0029465625	0.0	0.0
65.453	0.00525075	0.0	0.0
65.541	0.007768875000000001	0.0	0.0
65.635	0.010448625000000001	0.0	0.0
65.709	0.011775375	0.0	0.0
65.79	0.01320375	0.0	0.0
65.877	0.01476825	0.0	0.0
65.971	0.016437375	0.0	0.0
66.046	0.01601025	0.0	0.0
66.126	0.015549562500000003	0.0	0.0
66.214	0.015045000000000003	0.0	0.0
66.308	0.0145074375	0.0	0.0
66.382	0.0122750625	0.0	0.0
66.462	0.009869437500000001	0.0	0.0
66.55	0.007233	0.0	0.0
66.644	0.004419000000000001	0.0	0.0
66.718	0.0013728	0.0	0.0
66.799	-0.0019179375	0.0	0.0
66.887	-0.0055303125000000005	0.0	0.0
66.981	-0.009386812500000001	0.0	0.0
67.056	-0.011670937500000002	0.0	0.0
67.136	-0.01413525	0.0	0.0
67.224	-0.0168369375	0.0	0.0
67.318	-0.019717500000000002	0.0	0.0
67.392	-0.019935	0.0	0.0
67.472	-0.020167500000000005	0.0	0.0
67.56	-0.020424375	0.0	0.0
67.654	-0.020700000000000003	0.0	0.0
67.728	-0.018604875000000003	0.0	0.0
67.809	-0.016339875000000004	0.0	0.0
67.897	-0.013851000000000002	0.0	0.0
67.991	-0.01119375	0.0	0.0
68.065	-0.007795312500000001	0.0	0.0
68.145	-0.004122	0.0	0.0
68.233	-8.176500000000001e-05	0.0	0.0
68.327	0.0042403125	0.0	0.0
68.401	0.007226812500000001	0.0	0.0
68.481	0.010461	0.0	0.0
68.57	0.0140195625	0.0	0.0
68.664	0.01782225	0.0	0.0
68.738	0.018856875000000002	0.0	0.0
68.818	0.019978125000000003	0.0	0.0
68.906	0.021210000000000003	0.0	0.0
69.0	0.02253	0.0	0.0
69.074	0.0211275	0.0	0.0
69.154	0.019606875000000003	0.0	0.0
69.242	0.017929125	0.0	0.0
69.337	0.0161330625	0.0	0.0
69.411	0.0130738125	0.0	0.0
69.491	0.009760125000000001	0.0	0.0
69.58	0.006110625000000001	0.0	0.0
69.674	0.0022070625000000003	0.0	0.0
69.748	-0.0008714437500000001	0.0	0.0
69.827	-0.004209562500000001	0.0	0.0
69.916	-0.007893937500000002	0.0	0.0
70.01	-0.0118441875	0.0	0.0
70.084	-0.013434187500000002	0.0	0.0
70.164	-0.015160875	0.0	0.0
70.252	-0.017067000000000002	0.0	0.0
70.347	-0.019108125	0.0	0.0
70.421	-0.018558187500000004	0.0	0.0
70.5	-0.017961562500000004	0.0	0.0
70.588	-0.017302687500000004	0.0	0.0
70.683	-0.0165958125	0.0	0.0
70.757	-0.0144215625	0.0	0.0
70.837	-0.012056062500000003	0.0	0.0
70.925	-0.009439125000000001	0.0	0.0
71.02	-0.006631687500000001	0.0	0.0
71.094	-0.0041049375	0.0	0.0
71.174	-0.0013601062500000003	0.0	0.0
71.262	0.0016726875000000001	0.0	0.0
71.357	0.0049231875000000005	0.0	0.0
71.43	0.006502875000000002	0.0	0.0
71.51	0.00822075	0.0	0.0
71.598	0.010122937500000002	0.0	0.0
71.693	0.0121665	0.0	0.0
71.766	0.0122150625	0.0	0.0
71.846	0.012267750000000001	0.0	0.0
71.935	0.012326062500000002	0.0	0.0
72.03	0.012388687500000002	0.0	0.0
72.103	0.011199375000000001	0.0	0.0
72.183	0.009904875000000002	0.0	0.0
72.271	0.0084705	0.0	0.0
72.366	0.006928687500000001	0.0	0.0
72.439	0.005373750000000001	0.0	0.0
72.519	0.0036770624999999998	0.0	0.0
72.608	0.0017940937500000001	0.0	0.0
72.703	-0.00023026874999999998	0.0	0.0
72.776	-0.00130006875	0.0	0.0
72.856	-0.0024656250000000004	0.0	0.0
72.945	-0.0037576874999999997	0.0	0.0
73.04	-0.005145375000000001	0.0	0.0
73.113	-0.0053638125000000005	0.0	0.0
73.192	-0.005602125000000001	0.0	0.0
73.281	-0.005866875	0.0	0.0
73.376	-0.006151875	0.0	0.0
73.449	-0.0057253125	0.0	0.0
73.529	-0.005259187500000001	0.0	0.0
73.618	-0.004741500000000001	0.0	0.0
73.713	-0.004185	0.0	0.0
73.786	-0.0035300625	0.0	0.0
73.865	-0.0028151250000000004	0.0	0.0
73.954	-0.0020199375	0.0	0.0
74.049	-0.0011634375000000002	0.0	0.0
74.122	-0.0004990312500000001	0.0	0.0
74.202	0.00022768125	0.0	0.0
74.29	0.0010360875	0.0	0.0
74.386	0.0019061250000000003	0.0	0.0
74.459	0.0024937500000000003	0.0	0.0
74.538	0.0031359375000000003	0.0	0.0
74.627	0.003850875	0.0	0.0
74.722	0.0046215	0.0	0.0
74.795	0.0048635625	0.0	0.0
74.874	0.005128875000000001	0.0	0.0
74.963	0.0054245625000000006	0.0	0.0
75.059	0.005743312500000001	0.0	0.0
75.132	0.0053152500000000005	0.0	0.0
75.212	0.0048468750000000005	0.0	0.0
75.3	0.004325250000000001	0.0	0.0
75.396	0.0037635000000000004	0.0	0.0
75.468	0.0026833125000000004	0.0	0.0
75.548	0.00150013125	0.0	0.0
75.636	0.00017973187500000003	0.0	0.0
75.732	-0.001245825	0.0	0.0
75.805	-0.0024954375000000003	0.0	0.0
75.884	-0.00386625	0.0	0.0
75.973	-0.005396062500000001	0.0	0.0
76.069	-0.0070456875	0.0	0.0
76.141	-0.0077278125	0.0	0.0
76.221	-0.0084755625	0.0	0.0
76.309	-0.0093106875	0.0	0.0
76.405	-0.010212562500000001	0.0	0.0
76.477	-0.009807187500000002	0.0	0.0
76.557	-0.009361687500000002	0.0	0.0
76.646	-0.008863312500000001	0.0	0.0
76.742	-0.008325	0.0	0.0
76.815	-0.006883125	0.0	0.0
76.894	-0.005301	0.0	0.0
76.983	-0.0035336250000000003	0.0	0.0
77.079	-0.00162615	0.0	0.0
77.151	0.00016672500000000003	0.0	0.0
77.23	0.0021363750000000003	0.0	0.0
77.319	0.004341562500000001	0.0	0.0
77.415	0.006727312500000001	0.0	0.0
77.487	0.007938375000000001	0.0	0.0
77.567	0.009271125000000002	0.0	0.0
77.656	0.0107630625	0.0	0.0
77.752	0.012375000000000002	0.0	0.0
77.824	0.012309	0.0	0.0
77.903	0.012236437499999999	0.0	0.0
77.992	0.012155250000000001	0.0	0.0
78.088	0.012067312500000002	0.0	0.0
78.16	0.010693125000000001	0.0	0.0
78.239	0.009178687500000001	0.0	0.0
78.329	0.0074791875	0.0	0.0
78.425	0.0056394375	0.0	0.0
78.497	0.0036187500000000004	0.0	0.0
78.577	0.0013944937500000002	0.0	0.0
78.666	-0.0010980937500000001	0.0	0.0
78.762	-0.0037938750000000004	0.0	0.0
78.834	-0.005426625000000001	0.0	0.0
78.913	-0.007225875000000001	0.0	0.0
79.002	-0.009246937500000002	0.0	0.0
79.098	-0.011437687500000002	0.0	0.0
79.17	-0.0118689375	0.0	0.0
79.249	-0.012344999999999998	0.0	0.0
79.338	-0.01287975	0.0	0.0
79.435	-0.01345875	0.0	0.0
79.507	-0.012485250000000002	0.0	0.0
79.586	-0.0114118125	0.0	0.0
79.675	-0.010205250000000003	0.0	0.0
79.771	-0.008896500000000002	0.0	0.0
79.843	-0.007033687500000002	0.0	0.0
79.922	-0.0049741875	0.0	0.0
80.011	-0.00265575	0.0	0.0
80.108	-0.000140986875	0.0	0.0
80.18	0.0016695375000000004	0.0	0.0
80.259	0.0036684375	0.0	0.0
80.348	0.005915625000000001	0.0	0.0
80.445	0.0083510625	0.0	0.0
80.516	0.009219000000000001	0.0	0.0
80.595	0.01017825	0.0	0.0
80.684	0.0112591875	0.0	0.0
80.781	0.012433312500000002	0.0	0.0
80.853	0.011995500000000001	0.0	0.0
80.932	0.011510812500000002	0.0	0.0
81.021	0.0109648125	0.0	0.0
81.118	0.0103723125	0.0	0.0
81.189	0.0089195625	0.0	0.0
81.268	0.0073123125	0.0	0.0
81.357	0.005499375000000001	0.0	0.0
81.454	0.0035287499999999998	0.0	0.0
81.525	0.0018197812500000002	0.0	0.0
81.605	-7.4566875e-05	0.0	0.0
81.694	-0.0022119375000000004	0.0	0.0
81.791	-0.004532625	0.0	0.0
81.862	-0.005658750000000001	0.0	0.0
81.941	-0.006905625000000001	0.0	0.0
82.03	-0.008313750000000002	0.0	0.0
82.127	-0.00984525	0.0	0.0
82.198	-0.009902812500000002	0.0	0.0
82.277	-0.009966562500000001	0.0	0.0
82.367	-0.010038750000000003	0.0	0.0
82.464	-0.010117312500000001	0.0	0.0
82.535	-0.0091621875	0.0	0.0
82.615	-0.008103375	0.0	0.0
82.704	-0.006907500000000001	0.0	0.0
82.801	-0.005607937500000001	0.0	0.0
82.872	-0.004188375	0.0	0.0
82.951	-0.0026126250000000004	0.0	0.0
83.04	-0.0008290312500000001	0.0	0.0
83.137	0.0011138250000000001	0.0	0.0
83.208	0.0022927500000000005	0.0	0.0
83.287	0.0036035625	0.0	0.0
83.377	0.005087250000000001	0.0	0.0
83.474	0.006701250000000001	0.0	0.0
83.545	0.007102312500000001	0.0	0.0
83.624	0.007548	0.0	0.0
83.713	0.008052750000000001	0.0	0.0
83.81	0.008602875	0.0	0.0
83.881	0.00811875	0.0	0.0
83.96	0.007579500000000001	0.0	0.0
84.049	0.006967875	0.0	0.0
84.147	0.0063013125	0.0	0.0
84.218	0.0052516875	0.0	0.0
84.297	0.0040845000000000005	0.0	0.0
84.387	0.0027620625	0.0	0.0
84.484	0.0013221562500000002	0.0	0.0
84.555	0.00027474375	0.0	0.0
84.633	-0.0008915625000000001	0.0	0.0
84.723	-0.0022160625	0.0	0.0
84.82	-0.0036616875000000004	0.0	0.0
84.891	-0.004219312500000001	0.0	0.0
84.97	-0.004841250000000001	0.0	0.0
85.059	-0.0055475625	0.0	0.0
85.157	-0.00631725	0.0	0.0
85.228	-0.0061846875	0.0	0.0
85.306	-0.0060367500000000004	0.0	0.0
85.395	-0.005868750000000001	0.0	0.0
85.493	-0.005685375000000001	0.0	0.0
85.564	-0.005025937500000001	0.0	0.0
85.642	-0.0042892500000000005	0.0	0.0
85.732	-0.0034507500000000003	0.0	0.0
85.83	-0.0025350000000000004	0.0	0.0
85.901	-0.0017415000000000002	0.0	0.0
85.98	-0.0008561812500000001	0.0	0.0
86.069	0.000150151875	0.0	0.0
86.167	0.001248075	0.0	0.0
86.237	0.00177166875	0.0	0.0
86.316	0.0023565000000000005	0.0	0.0
86.405	0.0030228750000000004	0.0	0.0
86.503	0.0037515	0.0	0.0
86.573	0.0038113125000000005	0.0	0.0
86.652	0.00387825	0.0	0.0
86.742	0.003954562500000001	0.0	0.0
86.84	0.004037812500000001	0.0	0.0
86.91	0.003702375	0.0	0.0
86.989	0.0033271875000000003	0.0	0.0
87.078	0.0028993125000000004	0.0	0.0
87.176	0.0024313125000000003	0.0	0.0
87.246	0.0019531875000000005	0.0	0.0
87.325	0.0014176875000000001	0.0	0.0
87.415	0.0008068500000000001	0.0	0.0
87.513	0.000139126875	0.0	0.0
87.583	-0.00021105	0.0	0.0
87.661	-0.0006029625	0.0	0.0
87.751	-0.001050375	0.0	0.0
87.849	-0.001540275	0.0	0.0
87.919	-0.0016280250000000002	0.0	0.0
87.998	-0.0017264625000000002	0.0	0.0
88.088	-0.0018390187500000002	0.0	0.0
88.186	-0.0019623749999999997	0.0	0.0
88.256	-0.0018287062500000001	0.0	0.0
88.335	-0.0016790250000000002	0.0	0.0
88.425	-0.0015081375000000003	0.0	0.0
88.523	-0.0013211625	0.0	0.0
88.593	-0.0011210437500000002	0.0	0.0
88.671	-0.0008965125	0.0	0.0
88.761	-0.0006395624999999999	0.0	0.0
88.859	-0.00035778750000000004	0.0	0.0
88.929	-0.00023231250000000002	0.0	0.0
89.008	-9.132e-05	0.0	0.0
89.097	7.001812500000001e-05	0.0	0.0
89.196	0.0002467125	0.0	0.0
89.266	0.0002672625	0.0	0.0
89.344	0.00029030625	0.0	0.0
89.434	0.00031672500000000007	0.0	0.0
89.532	0.00034569375	0.0	0.0
89.602	0.00036005625	0.0	0.0
89.68	0.00037621875000000003	0.0	0.0
89.77	0.0003947625	0.0	0.0
89.869	0.00041510625	0.0	0.0
89.939	0.0004133625	0.0	0.0
90.017	0.00041143125000000006	0.0	0.0
90.107	0.0004092	0.0	0.0
90.206	0.00040674375	0.0	0.0
90.275	0.00030605625000000006	0.0	0.0
90.354	0.0001927125	0.0	0.0
90.443	6.258750000000001e-05	0.0	0.0
90.542	-8.0390625e-05	0.0	0.0
90.612	-0.0002525625	0.0	0.0
90.69	-0.00044662500000000003	0.0	0.0
90.78	-0.0006694125	0.0	0.0
90.879	-0.0009139125000000002	0.0	0.0
90.948	-0.00104589375	0.0	0.0
91.027	-0.0011945625	0.0	0.0
91.116	-0.001365375	0.0	0.0
91.215	-0.0015531562500000003	0.0	0.0
91.284	-0.00153166875	0.0	0.0
91.363	-0.00150740625	0.0	0.0
91.453	-0.0014795062500000003	0.0	0.0
91.552	-0.0014488125000000002	0.0	0.0
91.622	-0.0012385312500000003	0.0	0.0
91.7	-0.00100141875	0.0	0.0
91.79	-0.0007289250000000001	0.0	0.0
91.889	-0.0004296375000000001	0.0	0.0
91.958	-0.00011285062500000002	0.0	0.0
92.036	0.00024481875000000004	0.0	0.0
92.126	0.0006568500000000001	0.0	0.0
92.225	0.0011104125	0.0	0.0
92.294	0.00137304375	0.0	0.0
92.373	0.0016700062500000002	0.0	0.0
92.463	0.0020120625000000004	0.0	0.0
92.562	0.0023881875	0.0	0.0
92.631	0.0024343125000000003	0.0	0.0
92.709	0.0024864375000000004	0.0	0.0
92.799	0.0025464375	0.0	0.0
92.898	0.0026126250000000004	0.0	0.0
92.967	0.0023760000000000005	0.0	0.0
93.045	0.0021080625	0.0	0.0
93.136	0.0017985750000000002	0.0	0.0
93.235	0.0014577562500000002	0.0	0.0
93.304	0.0010177125	0.0	0.0
93.382	0.0005199375	0.0	0.0
93.473	-5.395500000000001e-05	0.0	0.0
93.572	-0.0006855	0.0	0.0
93.641	-0.0011194312500000002	0.0	0.0
93.719	-0.0016109437500000004	0.0	0.0
93.809	-0.0021789375000000003	0.0	0.0
93.908	-0.0028055625000000003	0.0	0.0
93.977	-0.0030009375000000006	0.0	0.0
94.055	-0.0032225625	0.0	0.0
94.145	-0.0034785	0.0	0.0
94.245	-0.003760687500000001	0.0	0.0
94.314	-0.0035776875000000006	0.0	0.0
94.392	-0.0033703125000000005	0.0	0.0
94.482	-0.0031303125000000003	0.0	0.0
94.581	-0.0028653750000000003	0.0	0.0
94.65	-0.0023514375000000002	0.0	0.0
94.728	-0.0017677125	0.0	0.0
94.818	-0.0010922437500000002	0.0	0.0
94.918	-0.0003475312500000001	0.0	0.0
94.987	0.00026098125	0.0	0.0
95.064	0.0009516187500000001	0.0	0.0
95.154	0.0017514375000000002	0.0	0.0
95.254	0.0026347500000000004	0.0	0.0
95.323	0.0030268125000000004	0.0	0.0
95.401	0.0034728750000000003	0.0	0.0
95.491	0.003990375000000001	0.0	0.0
95.591	0.004561875000000001	0.0	0.0
95.66	0.0045095625000000005	0.0	0.0
95.738	0.004450125000000001	0.0	0.0
95.828	0.0043811250000000005	0.0	0.0
95.928	0.0043051875	0.0	0.0
95.996	0.0038036250000000006	0.0	0.0
96.074	0.0032328750000000005	0.0	0.0
96.164	0.0025702500000000005	0.0	0.0
96.264	0.0018373875000000002	0.0	0.0
96.332	0.001117425	0.0	0.0
96.41	0.00029701875	0.0	0.0
96.501	-0.0006552750000000001	0.0	0.0
96.601	-0.00170715	0.0	0.0
96.669	-0.0022798125	0.0	0.0
96.747	-0.0029319375000000005	0.0	0.0
96.837	-0.0036894375000000004	0.0	0.0
96.937	-0.004527562500000001	0.0	0.0
97.005	-0.004656	0.0	0.0
97.083	-0.0048026250000000005	0.0	0.0
97.174	-0.004973250000000001	0.0	0.0
97.274	-0.0051620625	0.0	0.0
97.342	-0.004772437500000001	0.0	0.0
97.42	-0.004328437500000001	0.0	0.0
97.511	-0.0038124375	0.0	0.0
97.611	-0.0032420625	0.0	0.0
97.679	-0.0025383750000000003	0.0	0.0
97.757	-0.0017349375000000002	0.0	0.0
97.847	-0.0007992562500000001	0.0	0.0
97.947	0.00023754375000000004	0.0	0.0
98.015	0.0008979750000000002	0.0	0.0
98.093	0.0016530000000000004	0.0	0.0
98.184	0.0025321875	0.0	0.0
98.284	0.0035053125	0.0	0.0
98.352	0.0037905000000000005	0.0	0.0
98.429	0.004116187500000001	0.0	0.0
98.52	0.004495875000000001	0.0	0.0
98.62	0.004917000000000001	0.0	0.0
98.688	0.004708500000000001	0.0	0.0
98.766	0.0044696250000000005	0.0	0.0
98.856	0.0041908125	0.0	0.0
98.957	0.0038818125000000003	0.0	0.0
99.025	0.00331875	0.0	0.0
99.103	0.0026746875	0.0	0.0
99.194	0.0019237500000000001	0.0	0.0
99.294	0.0010922625000000003	0.0	0.0
99.362	0.00049044375	0.0	0.0
99.439	-0.00019878750000000003	0.0	0.0
99.53	-0.0010041375000000002	0.0	0.0
99.63	-0.0018982500000000002	0.0	0.0
99.698	-0.0022438125	0.0	0.0
99.776	-0.0026400000000000004	0.0	0.0
99.866	-0.0031029375000000002	0.0	0.0
99.967	-0.0036161250000000004	0.0	0.0
100.035	-0.0035720625000000006	0.0	0.0
100.112	-0.0035214375	0.0	0.0
100.202	-0.003462375	0.0	0.0
100.303	-0.0033965625	0.0	0.0
100.371	-0.0030474375000000002	0.0	0.0
100.448	-0.0026465625000000005	0.0	0.0
100.539	-0.0021774375	0.0	0.0
100.64	-0.0016568437500000003	0.0	0.0
100.707	-0.0012242062500000001	0.0	0.0
100.785	-0.0007277062500000001	0.0	0.0
100.875	-0.00014632500000000002	0.0	0.0
100.976	0.0004998750000000001	0.0	0.0
101.043	0.0008022937500000001	0.0	0.0
101.121	0.0011503125	0.0	0.0
101.212	0.0015583312500000001	0.0	0.0
101.313	0.0020118749999999998	0.0	0.0
101.381	0.00208125	0.0	0.0
101.458	0.0021609375	0.0	0.0
101.549	0.002254125	0.0	0.0
101.65	0.0023576250000000003	0.0	0.0
101.717	0.002214375	0.0	0.0
101.794	0.0020495625	0.0	0.0
101.885	0.001856025	0.0	0.0
101.986	0.0016406250000000002	0.0	0.0
102.053	0.0013647937500000003	0.0	0.0
102.131	0.00104694375	0.0	0.0
102.222	0.0006739500000000001	0.0	0.0
102.323	0.000259275	0.0	0.0
102.39	-5.3133750000000006e-05	0.0	0.0
102.467	-0.00041285625000000005	0.0	0.0
102.558	-0.0008354250000000001	0.0	0.0
102.659	-0.0013059937500000001	0.0	0.0
102.726	-0.00153830625	0.0	0.0
102.803	-0.0018065250000000002	0.0	0.0
102.895	-0.0021219375	0.0	0.0
102.996	-0.0024733125000000003	0.0	0.0
103.063	-0.0024937500000000003	0.0	0.0
103.141	-0.0025173750000000005	0.0	0.0
103.232	-0.002545125	0.0	0.0
103.333	-0.002575875	0.0	0.0
103.4	-0.0023171250000000006	0.0	0.0
103.477	-0.00201825	0.0	0.0
103.568	-0.0016664625	0.0	0.0
103.669	-0.0012740625	0.0	0.0
103.736	-0.0008111625000000002	0.0	0.0
103.813	-0.000276	0.0	0.0
103.904	0.00035409375	0.0	0.0
104.006	0.00105590625	0.0	0.0
104.073	0.0014993250000000001	0.0	0.0
104.15	0.0020116875	0.0	0.0
104.241	0.0026154375	0.0	0.0
104.342	0.0032889375	0.0	0.0
104.409	0.0034561875000000005	0.0	0.0
104.486	0.0036496875	0.0	0.0
104.577	0.00387825	0.0	0.0
104.679	0.0041330625000000005	0.0	0.0
104.746	0.0038836875000000004	0.0	0.0
104.823	0.0035951250000000002	0.0	0.0
104.914	0.0032551875000000003	0.0	0.0
105.016	0.0028762500000000003	0.0	0.0
105.082	0.0022978125	0.0	0.0
105.159	0.0016280250000000002	0.0	0.0
105.25	0.0008366437500000001	0.0	0.0
105.352	-4.7589375e-05	0.0	0.0
105.419	-0.0006754687500000001	0.0	0.0
105.496	-0.0014038125000000003	0.0	0.0
105.587	-0.0022640625000000004	0.0	0.0
105.689	-0.0032242499999999997	0.0	0.0
105.755	-0.003565125	0.0	0.0
105.832	-0.0039605625000000005	0.0	0.0
105.923	-0.0044278125	0.0	0.0
106.025	-0.004950375000000001	0.0	0.0
106.091	-0.004811250000000001	0.0	0.0
106.169	-0.0046498125	0.0	0.0
106.26	-0.0044583750000000005	0.0	0.0
106.362	-0.004244625	0.0	0.0
106.429	-0.003684000000000001	0.0	0.0
106.506	-0.0030333750000000005	0.0	0.0
106.597	-0.0022640625000000004	0.0	0.0
106.699	-0.00140484375	0.0	0.0
106.765	-0.00071589375	0.0	0.0
106.842	8.4815625e-05	0.0	0.0
106.933	0.00103389375	0.0	0.0
107.035	0.00209625	0.0	0.0
107.101	0.0025636875	0.0	0.0
107.178	0.0031078125000000003	0.0	0.0
107.27	0.0037524375	0.0	0.0
107.372	0.004473187500000001	0.0	0.0
107.438	0.00449025	0.0	0.0
107.515	0.0045103125	0.0	0.0
107.606	0.004533937500000001	0.0	0.0
107.708	0.004560375	0.0	0.0
107.774	0.004148437500000001	0.0	0.0
107.851	0.0036684375	0.0	0.0
107.943	0.003098625	0.0	0.0
108.045	0.0024613125	0.0	0.0
108.111	0.0018633187500000003	0.0	0.0
108.188	0.001166925	0.0	0.0
108.279	0.00033975000000000005	0.0	0.0
108.381	-0.0005872312500000001	0.0	0.0
108.447	-0.0010576687500000001	0.0	0.0
108.524	-0.00160708125	0.0	0.0
108.615	-0.0022605000000000004	0.0	0.0
108.718	-0.0029926875	0.0	0.0
108.784	-0.0031222500000000005	0.0	0.0
108.861	-0.0032731875000000005	0.0	0.0
108.953	-0.0034524375000000006	0.0	0.0
109.055	-0.0036532500000000007	0.0	0.0
109.121	-0.0034320000000000006	0.0	0.0
109.197	-0.0031734375	0.0	0.0
109.289	-0.0028655625	0.0	0.0
109.391	-0.0025201875	0.0	0.0
109.457	-0.0021161250000000004	0.0	0.0
109.534	-0.0016435500000000001	0.0	0.0
109.625	-0.0010810125	0.0	0.0
109.728	-0.00045050625000000007	0.0	0.0
109.794	-9.251812500000001e-05	0.0	0.0
109.87	0.00032585625000000005	0.0	0.0
109.961	0.0008244187500000001	0.0	0.0
110.064	0.0013841625000000001	0.0	0.0
110.13	0.0015425062500000002	0.0	0.0
110.206	0.0017280562500000003	0.0	0.0
110.298	0.0019494375	0.0	0.0
110.401	0.0021980625000000004	0.0	0.0
110.467	0.0021335625	0.0	0.0
110.544	0.0020581875	0.0	0.0
110.635	0.0019681875000000003	0.0	0.0
110.738	0.0018674625	0.0	0.0
110.803	0.00166010625	0.0	0.0
110.88	0.001417125	0.0	0.0
110.971	0.001126875	0.0	0.0
111.074	0.0008005125000000001	0.0	0.0
111.139	0.0005542312500000001	0.0	0.0
111.216	0.00026520000000000005	0.0	0.0
111.308	-7.997812500000001e-05	0.0	0.0
111.411	-0.0004675875	0.0	0.0
111.476	-0.0006636187500000001	0.0	0.0
111.553	-0.00089349375	0.0	0.0
111.644	-0.0011683312500000002	0.0	0.0
111.747	-0.0014774812500000002	0.0	0.0
111.812	-0.001550925	0.0	0.0
111.889	-0.0016373062500000001	0.0	0.0
111.981	-0.0017407125000000001	0.0	0.0
112.084	-0.0018570187500000002	0.0	0.0
112.149	-0.00175858125	0.0	0.0
112.226	-0.0016430062500000001	0.0	0.0
112.318	-0.0015048375	0.0	0.0
112.421	-0.0013495500000000001	0.0	0.0
112.486	-0.0010992937500000001	0.0	0.0
112.562	-0.0008050312500000001	0.0	0.0
112.654	-0.0004523625	0.0	0.0
112.757	-5.51025e-05	0.0	0.0
112.822	0.00024020625000000003	0.0	0.0
112.899	0.0005879625000000001	0.0	0.0
112.991	0.0010045875	0.0	0.0
113.094	0.0014732625	0.0	0.0
113.159	0.001655925	0.0	0.0
113.235	0.0018709312500000002	0.0	0.0
113.327	0.002128875	0.0	0.0
113.43	0.0024196875	0.0	0.0
113.495	0.002376375	0.0	0.0
113.572	0.0023255625000000004	0.0	0.0
113.664	0.0022644375000000004	0.0	0.0
113.767	0.002195625	0.0	0.0
113.832	0.0019314375000000002	0.0	0.0
113.908	0.0016199812500000002	0.0	0.0
114.0	0.0012459562500000002	0.0	0.0
114.103	0.0008241750000000001	0.0	0.0
114.168	0.0004685625	0.0	0.0
114.244	4.8345000000000006e-05	0.0	0.0
114.336	-0.00045693750000000004	0.0	0.0
114.44	-0.0010267499999999999	0.0	0.0
114.505	-0.0012885375000000001	0.0	0.0
114.581	-0.00159736875	0.0	0.0
114.673	-0.0019681875000000003	0.0	0.0
114.777	-0.0023861250000000007	0.0	0.0
114.841	-0.0024174375000000003	0.0	0.0
114.918	-0.0024545625	0.0	0.0
115.009	-0.0024991875	0.0	0.0
115.113	-0.0025496250000000002	0.0	0.0
115.178	-0.0023420625000000004	0.0	0.0
115.254	-0.0020964375	0.0	0.0
115.346	-0.0018009375000000002	0.0	0.0
115.45	-0.00146758125	0.0	0.0
115.514	-0.00113784375	0.0	0.0
115.591	-0.0007479187500000001	0.0	0.0
115.682	-0.00027808125000000004	0.0	0.0
115.786	0.00025269375	0.0	0.0
115.85	0.0005353125	0.0	0.0
115.927	0.0008704500000000002	0.0	0.0
116.019	0.00127475625	0.0	0.0
116.123	0.0017315062500000001	0.0	0.0
116.188	0.0018354750000000003	0.0	0.0
116.264	0.0019586250000000003	0.0	0.0
116.356	0.0021067500000000005	0.0	0.0
116.46	0.0022741875000000006	0.0	0.0
116.524	0.002167125	0.0	0.0
116.6	0.0020401875	0.0	0.0
116.692	0.001886625	0.0	0.0
116.796	0.00171316875	0.0	0.0
116.86	0.0014619187500000002	0.0	0.0
116.937	0.0011635500000000002	0.0	0.0
117.029	0.0008032875000000001	0.0	0.0
117.133	0.000396225	0.0	0.0
117.197	0.000123185625	0.0	0.0
117.273	-0.00020085	0.0	0.0
117.365	-0.0005925375	0.0	0.0
117.469	-0.0010358625000000002	0.0	0.0
117.533	-0.00121175625	0.0	0.0
117.609	-0.001421025	0.0	0.0
117.702	-0.0016742625	0.0	0.0
117.806	-0.0019608750000000004	0.0	0.0
117.87	-0.001962	0.0	0.0
117.946	-0.0019633125000000006	0.0	0.0
118.039	-0.001965	0.0	0.0
118.143	-0.0019668750000000003	0.0	0.0
118.207	-0.0017850187500000002	0.0	0.0
118.283	-0.0015692062500000004	0.0	0.0
118.375	-0.001308675	0.0	0.0
118.479	-0.0010144687500000002	0.0	0.0
118.542	-0.00072706875	0.0	0.0
118.612	-0.00038437500000000006	0.0	0.0
118.712	3.2649375000000005e-05	0.0	0.0
118.812	0.000507375	0.0	0.0
118.872	0.0007776187500000001	0.0	0.0
118.952	0.00110221875	0.0	0.0
119.042	0.00149743125	0.0	0.0
119.152	0.0019460625000000005	0.0	0.0
119.222	0.0020548125	0.0	0.0
119.292	0.0021834375000000005	0.0	0.0
119.392	0.0023379375000000006	0.0	0.0
119.492	0.002511375	0.0	0.0
119.552	0.0023872500000000005	0.0	0.0
119.632	0.0022393125000000004	0.0	0.0
119.722	0.002059125	0.0	0.0
119.822	0.0018533625	0.0	0.0
119.882	0.0015393750000000002	0.0	0.0
119.962	0.0011595000000000002	0.0	0.0
120.052	0.0006948375000000001	0.0	0.0