C2H[0][2][6], CH2[1][3][5]

   C -0.141961165E+01  0.714071828E-01  0.112141185E+01
   C  0.350944358E+01  0.749120040E-01  0.205040093E+01
   C -0.151142721E+01 -0.111672987E+00 -0.266641466E+00
   H  0.438244074E+01  0.425556309E+00  0.293406511E+01
   H -0.144324735E+01 -0.251061964E+02 -0.282208968E+02
   H  0.303197303E+01 -0.566355394E+00  0.111287617E+01
   H -0.843684944E+00 -0.507911786E+00 -0.124405605E+01
   H  0.217174629E+02 -0.101382666E+02  0.688312744E+01
   H -0.205358908E+02 -0.186238472E+02  0.147799771E+02
   H  0.494549000E+02  0.107691213E+01 -0.131153559E+02
   H -0.493480053E+02  0.435993563E+01 -0.137708397E+02